55001002750001, 21
55001002750002, 21
55001002750003, 21
55001002750004, 21
55001003000001, 2
55001003000002, 21
55001003000003, 21
55001073000001, 13
55001073000002, 13
55001160750001, 13
55001195750001, 21
55001195750002, 53
55001195750003, 21
55001220000001, 21
55001220000002, 21
55001279500001, 21
55001376250001, 21
55001376250002, 21
55001434250001, 13
55001442500001, 21
55001537250001, 13
55001565250001, 21
55001565250002, 21
55001565250003, 21
55001567500001, 21
55001654500001, 13
55001654500002, 21
55001658250001, 21
55001658250002, 21
55001658250003, 21
55001674250001, 21
55001692750001, 13
55001692750002, 13
55001692750003, 13
55001692750004, 13
55001692750005, 13
55001763500001, 21
55001763500002, 21
55001778000001, 1
55001778000002, 13
55001778000003, 21
55001881500005, 98
55001881500009, 47
55003005500001, 43
55003032250001, 50
55003032250002, 50
55003032250003, 50
55003032250004, 50
55003032250005, 50
55003032250006, 50
55003032250007, 50
55003032250008, 50
55003032250009, 50
55003032250010, 50
55003032250011, 50
55003032500001, 43
55003115250001, 43
55003115250002, 40
55003145500001, 43
55003292500001, 0
55003298750001, 43
55003298750002, 43
55003377750001, 43
55003425620001, 39
55003492000001, 43
55003492000002, 43
55003507000001, 43
55003544000001, 43
55003544000002, 43
55003544000003, 43
55003616000001, 43
55003616000002, 43
55003713500001, 61
55003713500002, 43
55003728250001, 43
55003868500001, 50
55003868500002, 43
55005013250001, 32
55005013500001, 32
55005013500002, 32
55005027750001, 32
55005048750001, 32
55005048750002, 32
55005048750003, 32
55005048750004, 32
55005048750005, 32
55005048750006, 32
55005048750007, 32
55005049000001, 32
55005049000002, 32
55005056500001, 44
55005122500001, 55
55005122500002, 32
55005122500003, 0
55005135000001, 83
55005143250001, 83
55005143250002, 83
55005143250003, 83
55005143250004, 83
55005143500001, 83
55005143500002, 83
55005156000001, 32
55005178750001, 78
55005180250001, 0
55005180250002, 44
55005180250003, 2
55005180250004, 0
55005180500001, 61
55005185750001, 32
55005186000001, 32
55005206500001, 83
55005207500001, 83
55005207500002, 23
55005332250001, 44
55005416000001, 92
55005416000002, 82
55005488250001, 32
55005488250002, 32
55005489500001, 44
55005563500002, 98
55005589500001, 83
55005589500002, 0
55005651500001, 32
55005651750001, 32
55005651750002, 2
55005652000001, 32
55005652000002, 32
55005673500001, 83
55005673500002, 83
55005673500003, 83
55005673500004, 32
55005673500005, 32
55005673500006, 32
55005673500007, 32
55005673500008, 32
55005673500009, 32
55005673500010, 32
55005673500011, 83
55005673500012, 83
55005673500013, 0
55005673750001, 32
55005673750002, 83
55005673750003, 83
55005673750004, 83
55005741250001, 32
55005765500001, 32
55005766000001, 32
55005766000002, 32
55005766000003, 32
55005766000004, 32
55005784500001, 83
55005810750001, 32
55005811000001, 32
55005823750001, 32
55007032250001, 50
55007047250001, 50
55007047500001, 67
55007053500001, 56
55007053500002, 56
55007053500003, 56
55007053500004, 56
55007053750001, 1
55007054750001, 50
55007062000001, 50
55007116750001, 67
55007157500001, 50
55007196620001, 67
55007208870001, 67
55007229250001, 50
55007229250002, 50
55007301750001, 50
55007363000001, 67
55007372000001, 67
55007372000002, 67
55007390250001, 50
55007394250001, 50
55007442750001, 50
55007499000001, 50
55007499250001, 50
55007553750001, 50
55007602750001, 67
55007607750001, 67
55007627000001, 50
55007645120001, 67
55007703000001, 0
55007703000002, 38
55007807500001, 67
55007835250001, 50
55007835250002, 50
55007835250003, 50
55007835250004, 50
55007835500001, 50
55009011500001, 63
55009011500002, 63
55009011500003, 63
55009011500004, 63
55009011500005, 63
55009011500006, 63
55009011500007, 63
55009011500008, 63
55009011500009, 63
55009034250001, 63
55009034250002, 63
55009034250003, 63
55009034250004, 63
55009034250005, 63
55009034250006, 63
55009034250007, 63
55009034250008, 63
55009034250009, 63
55009034250010, 75
55009034250011, 31
55009034250012, 31
55009063500001, 63
55009063500002, 63
55009063500003, 63
55009063500004, 16
55009063500005, 63
55009063500006, 16
55009063500007, 16
55009063500008, 16
55009063500009, 16
55009063500010, 16
55009197000001, 10
55009197000002, 10
55009197000003, 10
55009197750001, 63
55009197750002, 63
55009197750003, 63
55009197750004, 31
55009197750005, 31
55009197750006, 31
55009197750007, 31
55009197750008, 31
55009197750009, 2
55009197750010, 31
55009197750011, 31
55009197750012, 31
55009197750013, 31
55009197750014, 31
55009197750015, 31
55009222250001, 10
55009222250002, 10
55009295500001, 83
55009295500002, 31
55009310000001, 10
55009310000002, 10
55009310000003, 16
55009310000004, 16
55009310000005, 16
55009310000006, 16
55009310000007, 16
55009310000008, 16
55009310000009, 16
55009310000010, 63
55009310000011, 16
55009310000012, 16
55009310000013, 16
55009310000014, 16
55009310000015, 16
55009310000016, 16
55009310000017, 16
55009310000018, 16
55009310000019, 16
55009310000020, 15
55009310000021, 15
55009310000022, 16
55009310000023, 16
55009310000024, 16
55009310000025, 15
55009310000026, 15
55009310000027, 15
55009310000028, 15
55009310000029, 16
55009310000030, 15
55009310000031, 16
55009310000032, 63
55009310000033, 63
55009310000034, 63
55009310000035, 63
55009310000036, 63
55009310000037, 15
55009310000038, 15
55009310000039, 15
55009310000040, 15
55009310000041, 63
55009310000042, 15
55009310000043, 15
55009310000044, 63
55009310000045, 63
55009310000046, 15
55009310000047, 15
55009310250001, 10
55009310250002, 10
55009310250003, 10
55009351500001, 75
55009351500002, 75
55009351500003, 15
55009351500004, 75
55009351500005, 75
55009351500006, 75
55009351500007, 75
55009351500008, 75
55009351500009, 31
55009353250001, 31
55009353250002, 31
55009359500001, 15
55009359500002, 15
55009359500003, 15
55009359500004, 15
55009359500005, 15
55009359500006, 15
55009359500007, 75
55009359500008, 75
55009359500009, 75
55009359500010, 75
55009359500011, 15
55009359500012, 15
55009359500013, 15
55009359500014, 75
55009359500015, 75
55009359500016, 75
55009359500018, 75
55009364250001, 10
55009364250002, 10
55009429000001, 31
55009429000002, 31
55009429000003, 2
55009429000004, 31
55009429000005, 31
55009429000006, 31
55009430900001, 16
55009430900002, 16
55009430900003, 63
55009430900004, 31
55009430900005, 31
55009430900006, 0
55009430900007, 31
55009430900008, 31
55009430900009, 63
55009430900010, 63
55009543000001, 31
55009543000002, 31
55009565750001, 10
55009565750002, 10
55009565750003, 43
55009630750001, 15
55009630750002, 15
55009630750003, 15
55009656750001, 75
55009656750002, 75
55009656750003, 75
55009656750006, 75
55009688750001, 31
55009688750002, 31
55009688750003, 31
55009722000001, 10
55009722000002, 10
55009722000003, 10
55009722000004, 10
55009779750001, 32
55009779750002, 15
55009779750003, 15
55009779750004, 0
55009779750005, 15
55009779750006, 15
55009779750007, 15
55009779750008, 15
55009891500001, 31
55009891500002, 31
55009891500003, 43
55009891750001, 31
55009891750002, 31
55009891750003, 31
55011012250001, 51
55011012500001, 51
55011066750001, 59
55011110250001, 42
55011110620001, 42
55011125000001, 51
55011160250001, 42
55011177370001, 42
55011205750001, 42
55011268500001, 42
55011292250001, 51
55011293750001, 42
55011443000001, 42
55011500750001, 51
55011521750001, 42
55011534500001, 51
55011536000001, 42
55011536000002, 42
55011536000003, 42
55011536250001, 51
55011538500001, 42
55011554500001, 42
55011559500001, 51
55011559750001, 51
55011843250001, 42
55013019000001, 44
55013080250001, 67
55013187500001, 50
55013199250001, 44
55013304500001, 44
55013304500002, 0
55013304500003, 96
55013304750001, 44
55013304750002, 44
55013304750003, 44
55013376500001, 50
55013409750001, 44
55013409750002, 44
55013443250001, 50
55013506500001, 50
55013506500002, 50
55013506500003, 50
55013590750001, 50
55013590750002, 50
55013693250001, 44
55013702250001, 50
55013714500001, 50
55013722250001, 50
55013722250002, 50
55013741750001, 97
55013741750002, 0
55013742000001, 86
55013742000002, 44
55013787750001, 50
55013787750002, 50
55013803750001, 44
55013803750002, 44
55013815000001, 50
55013849750001, 50
55013850250001, 50
55013850250002, 50
55013858500001, 50
55013858500002, 50
55013889000001, 44
55013889000002, 44
55013889000003, 44
55015023750012, 53
55015023750013, 53
55015023750014, 53
55015023750026, 53
55015023750044, 53
55015023750045, 53
55015023750046, 41
55015097250001, 52
55015097250002, 52
55015097250003, 52
55015097250004, 52
55015097500001, 52
55015097500002, 1
55015103500001, 38
55015103500002, 38
55015140000001, 52
55015144750001, 38
55015144750002, 38
55015144750003, 38
55015144750004, 38
55015144750005, 38
55015145000001, 38
55015145000002, 38
55015145000003, 52
55015328000001, 52
55015328000002, 91
55015328000003, 0
55015328000004, 69
55015328000005, 69
55015328000006, 69
55015328000007, 1
55015328000008, 69
55015328000009, 69
55015328000010, 69
55015328000011, 37
55015328000012, 45
55015345750001, 52
55015345750002, 52
55015388000011, 31
55015395250001, 38
55015508250016, 53
55015508250017, 50
55015568000001, 38
55015568000002, 38
55015568000003, 38
55015568000004, 38
55015568000005, 38
55015568250001, 52
55015568250002, 38
55015568250003, 38
55015646750001, 52
55015662750001, 52
55015735250001, 2
55015735250002, 52
55015735250003, 52
55015735250004, 52
55015774000001, 38
55015774250001, 38
55015774250002, 38
55015774250003, 38
55015890000001, 52
55017021750001, 83
55017021750002, 83
55017021750003, 5
55017021750004, 83
55017030750001, 83
55017037250001, 32
55017075250001, 83
55017082250001, 56
55017082250002, 56
55017082250003, 56
55017082250004, 56
55017082500001, 0
55017082500002, 83
55017090750001, 60
55017117500001, 5
55017117500002, 5
55017145750001, 5
55017145750002, 2
55017145750003, 12
55017145750004, 5
55017145750005, 5
55017145750006, 5
55017145750007, 5
55017153500001, 83
55017161250001, 83
55017168000001, 56
55017171000001, 95
55017171000002, 83
55017171000003, 83
55017171000004, 83
55017196250001, 20
55017216000001, 83
55017216000002, 83
55017216000003, 78
55017216000004, 83
55017216000005, 5
55017216000005B, 5
55017223000016, 56
55017223000040, 56
55017223000041, 56
55017227500001, 60
55017227500002, 60
55017227500002B, 60
55017243750001, 83
55017297000001, 44
55017297000002, 5
55017297000003, 87
55017321250001, 0
55017360000001, 56
55017409000001, 5
55017409000002, 5
55017409000003, 5
55017409000004, 5
55017409000005, 5
55017409000006, 5
55017409000007, 51
55017409000008, 5
55017409000009, 5
55017415250001, 5
55017415250002, 5
55017415250003, 5
55017415250004, 5
55017415250005, 5
55017415250006, 5
55017415250007, 56
55017415250008, 16
55017415500001, 83
55017415500002, 83
55017563500001, 32
55017699750001, 83
55017712750001, 83
55017738750001, 60
55017738750002, 5
55017766250001, 60
55017766250001B, 60
55017766250002, 60
55017766250003, 60
55017766250004, 60
55017766250006, 60
55017766250007, 60
55017798750001, 56
55017798750002, 56
55017798750003, 56
55017865370001, 56
55017865370002, 56
55017865370003, 2
55017888750001, 2
55017888750002, 56
55019001000002, 3
55019001000003, 3
55019001000004, 3
55019001000005, 3
55019057500001, 60
55019114250001, 60
55019161500002, 0
55019161500003, 3
55019161500004, 3
55019161750001, 3
55019161750002, 0
55019161750003, 60
55019181250001, 3
55019200250001, 60
55019204500001, 3
55019222500001, 60
55019222500002, 2
55019267750001, 60
55019277750001, 60
55019277750002, 60
55019302750001, 60
55019302750002, 60
55019304250001, 60
55019312750001, 60
55019312750002, 60
55019315750001, 60
55019315750002, 60
55019339000001, 60
55019342000001, 60
55019342000002, 60
55019350500001, 61
55019350500002, 60
55019351250001, 3
55019351250002, 25
55019437000001, 60
55019437000002, 60
55019457000001, 0
55019457000002, 60
55019460750001, 60
55019460750002, 60
55019461000001, 60
55019461000002, 60
55019466250001, 60
55019466250002, 60
55019501750001, 3
55019501750002, 3
55019502750001, 60
55019511250001, 60
55019558000001, 60
55019558000002, 60
55019558000003, 18
55019558000004, 60
55019558000005, 60
55019608250001, 79
55019608250002, 60
55019608250003, 60
55019630000001, 60
55019630000002, 60
55019670250001, 60
55019670250002, 60
55019724500001, 60
55019733500001, 60
55019733500002, 60
55019735500001, 60
55019766250005, 60
55019796250001, 60
55019796250002, 60
55019796250003, 0
55019796250004, 94
55019796500001, 60
55019818250001, 60
55019818500001, 60
55019833500001, 60
55019833500002, 60
55019835750001, 60
55019859250001, 60
55019859250002, 60
55019882750001, 60
55019883000001, 60
55019891250001, 60
55019894250001, 60
55019894250002, 60
55021028000001, 49
55021028250001, 81
55021119000001, 68
55021119000002, 68
55021122000001, 68
55021164500001, 0
55021164500002, 64
55021164500003, 64
55021164500004, 64
55021164500005, 64
55021164500006, 64
55021164500007, 64
55021164500008, 64
55021164750001, 67
55021173250001, 0
55021193750001, 68
55021193750002, 68
55021193750003, 80
55021207750001, 49
55021251500001, 64
55021251500002, 64
55021267250001, 51
55021268750001, 64
55021268750002, 1
55021280000001, 98
55021323750001, 49
55021431250001, 49
55021431250002, 49
55021437750001, 21
55021437750002, 21
55021453500001, 27
55021453500002, 27
55021453500003, 27
55021453500004, 27
55021453500005, 27
55021453500006, 27
55021453750001, 27
55021453750002, 27
55021453750003, 27
55021453750004, 27
55021453750005, 27
55021460500001, 68
55021460500002, 2
55021491500001, 25
55021491500002, 25
55021570250001, 49
55021606870001, 49
55021609250001, 68
55021609250002, 68
55021609250003, 68
55021609250004, 68
55021611000001, 68
55021611000002, 68
55021611000003, 68
55021641000001, 21
55021641000002, 21
55021641000003, 21
55021641000004, 21
55021641000005, 21
55021641000006, 21
55021641000007, 21
55021641000008, 21
55021641000009, 21
55021641000010, 1
55021649000001, 68
55021649000002, 68
55021649000003, 68
55021649000004, 0
55021661500003, 64
55021661750001, 0
55021681000001, 49
55021681000002, 49
55021722500001, 68
55021762250001, 68
55021762250002, 68
55021861000001, 27
55021861000002, 27
55021861000003, 27
55021881500001, 68
55021881500002, 68
55021881500003, 68
55021881500006, 68
55021893000001, 68
55021893250001, 68
55021893250002, 68
55023062250001, 81
55023095500001, 35
55023150750001, 81
55023150750002, 66
55023150750003, 81
55023198500002, 81
55023219000001, 81
55023219250001, 81
55023219250002, 81
55023257250001, 81
55023277000001, 81
55023284500001, 81
55023325000001, 81
55023466750001, 81
55023492750001, 81
55023549000001, 81
55023650500001, 35
55023650500002, 35
55023650500003, 35
55023650500004, 35
55023650500005, 35
55023650500006, 35
55023650500007, 35
55023650750001, 1
55023650750002, 81
55023722750001, 81
55023725000001, 81
55023745500001, 81
55023771750001, 81
55023821000001, 81
55023847250001, 81
55023847500001, 81
55023847500002, 88
55025008750001, 70
55025008750002, 70
55025063000001, 59
55025063000002, 14
55025070250001, 27
55025070250002, 27
55025078000001, 27
55025078000002, 95
55025078250001, 27
55025083500001, 85
55025083500002, 0
55025083500003, 1
55025084750001, 14
55025085000001, 14
55025097750001, 97
55025097750002, 49
55025097750003, 49
55025097750004, 49
55025100750001, 61
55025111500001, 2
55025111500002, 1
55025111500003, 95
55025111500004, 63
55025122250002, 34
55025122250003, 30
55025146500001, 34
55025146500002, 61
55025171750001, 49
55025171750002, 49
55025171750003, 49
55025171750004, 49
55025171750005, 49
55025171750006, 49
55025171750007, 49
55025171750008, 49
55025171750009, 49
55025172000001, 1
55025172000002, 40
55025172000003, 49
55025172000004, 49
55025172000005, 61
55025172000006, 49
55025172000007, 49
55025177750001, 2
55025177750002, 27
55025177750003, 27
55025177750004, 27
55025178000001, 27
55025178000002, 27
55025187000001, 27
55025187250001, 27
55025192500001, 62
55025192500002, 62
55025192500003, 72
55025192750001, 44
55025192750002, 71
55025193500001, 27
55025193500002, 27
55025193500003, 2
55025193500004, 27
55025193500005, 27
55025193500006, 27
55025193500007, 27
55025193500008, 27
55025193500009, 27
55025193500010, 27
55025193500011, 27
55025193500012, 85
55025211000001, 14
55025211000001B, 0
55025211000002, 61
55025211000003, 2
55025211000004, 61
55025211000005, 61
55025211000006, 61
55025211250001, 61
55025211250002, 54
55025211250003, 54
55025211250004, 54
55025211250005, 61
55025211250006, 61
55025211250007, 61
55025225750001, 70
55025259500001, 11
55025259500002, 11
55025259500003, 11
55025259500004, 11
55025259500005, 54
55025259500006, 54
55025259500007, 11
55025259500008, 54
55025259500009, 54
55025259500010, 54
55025259500011, 54
55025259500012, 54
55025259500013, 54
55025259500014, 11
55025259500015, 54
55025259500016, 11
55025259500017, 11
55025259500018, 11
55025259500019, 11
55025468500001, 61
55025468500002, 61
55025468500003, 61
55025468500004, 61
55025468500005, 61
55025468500006, 61
55025468500007, 61
55025468500008, 61
55025468500009, 61
55025468500010, 61
55025480000001, 24
55025480000002, 85
55025480000003, 85
55025480000004, 85
55025480000005, 85
55025480000006, 85
55025480000007, 85
55025480000008, 85
55025480000009, 85
55025480000010, 85
55025480000011, 85
55025480000012, 85
55025480000013, 85
55025480000014, 85
55025480000015, 85
55025480000016, 85
55025480000017, 85
55025480000018, 85
55025480000019, 95
55025480000020, 95
55025480000021, 95
55025480000022, 85
55025480000023, 0
55025480000024, 95
55025480000025, 95
55025480000026, 95
55025480000027, 95
55025480000028, 95
55025480000029, 95
55025480000030, 95
55025480000031, 66
55025480000032, 95
55025480000033, 95
55025480000034, 66
55025480000035, 66
55025480000036, 66
55025480000037, 66
55025480000038, 66
55025480000039, 85
55025480000040, 85
55025480000041, 95
55025480000042, 95
55025480000043, 95
55025480000044, 95
55025480000045, 95
55025480000046, 66
55025480000047, 54
55025480000048, 54
55025480000049, 54
55025480000050, 54
55025480000051, 54
55025480000052, 85
55025480000053, 54
55025480000054, 54
55025480000055, 54
55025480000056, 54
55025480000057, 66
55025480000058, 66
55025480000059, 66
55025480000060, 66
55025480000061, 66
55025480000062, 66
55025480000063, 66
55025480000064, 20
55025480000065, 54
55025480000066, 54
55025480000067, 85
55025480000068, 54
55025480000069, 85
55025480000070, 85
55025480000071, 13
55025480000072, 54
55025480000073, 54
55025480000074, 54
55025480000075, 54
55025480000076, 11
55025480000077, 20
55025480000078, 54
55025480000079, 20
55025480000080, 20
55025480000081, 20
55025480000082, 20
55025480000083, 20
55025480000084, 66
55025480000085, 20
55025480000086, 66
55025480000087, 20
55025480000088, 20
55025480000089, 20
55025480000090, 20
55025480000091, 20
55025480000092, 20
55025480000093, 20
55025480000094, 11
55025480000095, 11
55025480000096, 11
55025480000097, 11
55025480000098, 11
55025480000099, 11
55025480000100, 11
55025480000101, 11
55025480000102, 11
55025480000103, 11
55025480000104, 20
55025480000105, 11
55025480000106, 11
55025480000107, 20
55025480000108, 20
55025480000109, 20
55025480000110, 20
55025480000111, 20
55025480250001, 95
55025480250002, 54
55025480250003, 16
55025480250004, 54
55025480250005, 54
55025480250006, 33
55025480250007, 1
55025480250008, 54
55025480250009, 54
55025487500001, 80
55025487500002, 66
55025495750001, 49
55025495750002, 49
55025495750003, 49
55025495750004, 69
55025495750005, 49
55025502250001, 27
55025502250002, 68
55025502250003, 27
55025502500001, 68
55025502500002, 63
55025504750001, 49
55025504750002, 49
55025515750001, 20
55025515750002, 20
55025515750003, 20
55025515750004, 20
55025515750005, 66
55025515750006, 66
55025515750007, 75
55025515750008, 20
55025515750009, 20
55025515750010, 20
55025515750011, 20
55025515750012, 20
55025515750013, 20
55025515750014, 66
55025515750015, 66
55025515750016, 66
55025515750017, 66
55025515750018, 20
55025515750019, 20
55025516000001, 27
55025516000002, 2
55025516000003, 57
55025516000004, 0
55025516000005, 27
55025516000006, 4
55025516000007, 27
55025516000008, 2
55025536750001, 85
55025536750002, 85
55025536750003, 85
55025536750004, 85
55025536750005, 85
55025536750006, 85
55025536750007, 85
55025536750008, 28
55025536750009, 85
55025536750010, 85
55025541000001, 14
55025541000002, 14
55025547250001, 14
55025547250002, 14
55025547250003, 14
55025547250004, 14
55025547250005, 14
55025547250006, 14
55025547250007, 14
55025547250008, 14
55025602000001, 11
55025602000002, 11
55025602000003, 11
55025602000004, 11
55025602000005, 11
55025602000006, 11
55025602000007, 11
55025602000008, 11
55025602000009, 11
55025602000010, 11
55025602000011, 11
55025602000012, 11
55025602250001, 11
55025602250002, 11
55025602250003, 11
55025602250004, 30
55025620500001, 14
55025633750001, 61
55025633750002, 61
55025633750003, 61
55025633750004, 61
55025655750001, 14
55025687250001, 0
55025698500001, 27
55025698500002, 27
55025704000001, 61
55025704000002, 61
55025737500001, 66
55025737500002, 66
55025758500001, 98
55025758500002, 27
55025758750001, 27
55025758750002, 27
55025758750003, 27
55025776750001, 61
55025776750002, 61
55025776750003, 61
55025776750004, 61
55025776750005, 44
55025776750006, 61
55025776750007, 61
55025776750008, 0
55025786000001, 49
55025786000002, 49
55025786000003, 49
55025786000004, 95
55025786000005, 95
55025786000006, 49
55025786000007, 49
55025786000008, 95
55025786000009, 95
55025786000010, 95
55025786000011, 95
55025786000012, 50
55025786000013, 95
55025786000014, 95
55025786000015, 95
55025786000016, 95
55025786000017, 95
55025786000018, 95
55025786000019, 95
55025786250001, 49
55025786250002, 49
55025786250003, 1
55025825250001, 27
55025826000001, 14
55025826000002, 14
55025826000003, 14
55025826000004, 14
55025826000005, 14
55025826000006, 14
55025826000007, 14
55025826000008, 14
55025826000009, 14
55025826250001, 0
55025826250002, 0
55025826250003, 14
55025826250004, 14
55025827500001, 27
55025827500002, 27
55025843500001, 27
55025843500002, 27
55025843500003, 27
55025843500004, 27
55025843500005, 27
55025843500006, 27
55025843500007, 27
55025843500008, 66
55025843500009, 66
55025843500010, 66
55025861250001, 0
55025861250002, 66
55025861250003, 80
55025861250004, 66
55025861250005, 66
55025877500001, 23
55025877500002, 49
55025877500003, 49
55025877500004, 49
55025877500005, 49
55025877500006, 27
55025877500007, 27
55025877500008, 27
55025877500009, 27
55025877500010, 27
55025894500001, 49
55027032000001, 48
55027032000002, 48
55027032000003, 48
55027032000004, 48
55027059000001, 64
55027059000002, 64
55027059000003, 64
55027059000004, 64
55027059000005, 64
55027059000006, 64
55027059000007, 64
55027059000008, 64
55027059000009, 64
55027059000010, 64
55027059000011, 64
55027059000012, 64
55027059000013, 64
55027059000014, 64
55027059250001, 64
55027059250002, 64
55027059250003, 64
55027059250004, 64
55027059250005, 64
55027059250006, 64
55027059250007, 64
55027059250008, 64
55027059250009, 64
55027059250010, 64
55027059250011, 64
55027104500001, 47
55027112750001, 64
55027112750002, 64
55027118500001, 64
55027118500002, 64
55027143000001, 28
55027143000002, 64
55027159000001, 64
55027159250001, 64
55027164500009, 2
55027230000001, 64
55027240000001, 96
55027240000002, 48
55027270000001, 64
55027270000002, 64
55027270000003, 64
55027270250001, 68
55027270250002, 21
55027270250003, 64
55027270250004, 64
55027330000018, 0
55027340000001, 47
55027340000002, 47
55027357500001, 40
55027357500002, 64
55027357500003, 47
55027357500004, 47
55027357500005, 78
55027357500006, 64
55027361000001, 47
55027361000002, 47
55027361000003, 47
55027361000004, 47
55027361000005, 2
55027361000006, 64
55027366250001, 48
55027366250002, 48
55027366500001, 48
55027366500002, 48
55027371500001, 47
55027386750001, 64
55027386750002, 64
55027386750003, 1
55027389000001, 96
55027430500001, 48
55027430500002, 48
55027436500001, 47
55027436500002, 47
55027454750001, 47
55027454750002, 47
55027454750003, 47
55027455000001, 47
55027455000002, 75
55027455000003, 47
55027459500001, 64
55027459750001, 64
55027459750002, 64
55027459750003, 64
55027459750004, 64
55027502000001, 64
55027502000002, 64
55027502000003, 64
55027502000004, 17
55027502000005, 64
55027502000006, 2
55027502000007, 64
55027560750001, 48
55027590000001, 64
55027590000002, 64
55027590000003, 64
55027590000004, 64
55027590000005, 64
55027590000006, 32
55027643750001, 49
55027643750002, 49
55027661500001, 64
55027661500002, 64
55027669000001, 64
55027699620001, 48
55027699620002, 48
55027699620003, 48
55027735750001, 49
55027793750001, 47
55027793750002, 47
55027793750003, 47
55027794250001, 47
55027794250002, 47
55027794250003, 47
55027794250004, 47
55027794250005, 47
55027794250006, 47
55027794250007, 47
55027805250001, 64
55027805250002, 66
55027839750001, 48
55027839750002, 48
55027839750003, 48
55027839750004, 48
55027839750005, 48
55027839750006, 48
55027839750007, 49
55027844250001, 64
55027844250002, 87
55027844250003, 64
55027844250004, 64
55027844250005, 64
55027844250006, 64
55027844250007, 64
55027844250008, 64
55027856500001, 64
55027856500002, 64
55027856500003, 64
55027856500004, 64
55027872250001, 31
55027872250002, 94
55027872250003, 64
55029043250001, 97
55029043250002, 92
55029107000001, 10
55029107000002, 10
55029150250001, 10
55029228500001, 70
55029228750001, 97
55029228750002, 79
55029228750003, 97
55029241500001, 1
55029266250001, 10
55029266500001, 10
55029266500002, 10
55029283000001, 10
55029283000002, 2
55029289500001, 58
55029289500002, 1
55029377500001, 97
55029377500002, 97
55029439250001, 0
55029439250002, 61
55029439250003, 59
55029555000001, 0
55029555000002, 10
55029555000003, 34
55029726000001, 97
55029726000002, 97
55029726000003, 97
55029726000004, 4
55029726000005, 97
55029742250001, 0
55029778750001, 97
55029778750002, 97
55029778750003, 97
55029778750004, 97
55029778750005, 97
55029778750006, 10
55029778750007, 10
55029778750008, 10
55029778750009, 10
55029778750010, 3
55029778750011, 97
55029778750012, 2
55029778750013, 97
55029778750014, 97
55029778750015, 97
55029778750016, 97
55029778750017, 97
55029778750018, 10
55029778750019, 10
55029778750020, 10
55029778750021, 83
55029778750022, 97
55029778750023, 97
55029778750024, 10
55029778750025, 10
55029778750026, 10
55029778750027, 10
55029778750028, 97
55029779000001, 97
55029779000002, 0
55029815250001, 10
55029836000001, 0
55031018250001, 67
55031018250002, 67
55031067750001, 67
55031105750001, 67
55031105750002, 67
55031158250001, 67
55031184250001, 67
55031299250001, 67
55031333500001, 67
55031333500002, 67
55031344250001, 67
55031417250001, 67
55031417250002, 67
55031418000001, 67
55031487250001, 67
55031591000001, 67
55031591000002, 67
55031598000001, 0
55031612500001, 67
55031612500002, 67
55031639750001, 67
55031745750001, 67
55031746000001, 67
55031746000002, 67
55031746000003, 67
55031782750001, 67
55031782750002, 67
55031786500001, 18
55031786500002, 67
55031786500003, 67
55031786500004, 67
55031786500005, 67
55031786500006, 1
55031786500007, 67
55031786500008, 67
55031786500009, 67
55031786500010, 67
55031786500011, 67
55031786500012, 67
55031786500013, 67
55031786500014, 67
55031786500015, 67
55031786500016, 67
55031786500017, 67
55031786500018, 67
55031786500019, 67
55031786500020, 67
55031786500021, 67
55031786500022, 67
55031786500023, 67
55031786500024, 67
55031786500025, 67
55031786500026, 67
55031786500027, 67
55031786500028, 85
55031786500029, 67
55031786500030, 2
55031786500031, 67
55031786500032, 67
55031786600001, 67
55031786750001, 92
55031786750002, 67
55031835120001, 67
55033090500001, 56
55033162750001, 56
55033162750002, 56
55033163000001, 56
55033163000002, 56
55033163000003, 56
55033206750001, 32
55033211500001, 51
55033211500002, 51
55033223750001, 51
55033233250001, 56
55033233500001, 56
55033233500002, 56
55033233500003, 56
55033303000001, 56
55033303000002, 56
55033334000001, 56
55033334000002, 56
55033399750001, 56
55033461750001, 51
55033510250001, 51
55033510250002, 51
55033510250003, 51
55033510250004, 56
55033510250005, 56
55033510250006, 56
55033510250007, 56
55033510250008, 56
55033510250009, 56
55033510250010, 56
55033510250011, 4
55033510500001, 51
55033510500002, 56
55033510500003, 51
55033567750001, 32
55033607250001, 56
55033621250001, 51
55033665500001, 56
55033665500002, 56
55033665500003, 56
55033678000001, 32
55033687000001, 51
55033714250001, 32
55033733000001, 32
55033733750001, 56
55033757500001, 51
55033757500002, 51
55033766500001, 56
55033789750001, 56
55033789750002, 56
55033789750003, 56
55033797750001, 2
55033797750002, 32
55033859750001, 51
55033859750002, 51
55033865750001, 56
55033873750001, 32
55035015500001, 93
55035015500002, 93
55035015500003, 93
55035015500004, 93
55035015500005, 93
55035015500006, 93
55035015500007, 93
55035015500008, 93
55035015500009, 93
55035015500010, 93
55035015500011, 93
55035038250001, 2
55035038250002, 5
55035038250003, 5
55035038250004, 5
55035038250005, 71
55035095000001, 21
55035095000002, 5
55035106250001, 5
55035106250002, 5
55035152000001, 5
55035152000002, 42
55035208000001, 42
55035223000001, 93
55035223000002, 93
55035223000003, 93
55035223000004, 5
55035223000005, 93
55035223000006, 93
55035223000007, 5
55035223000008, 56
55035223000009, 93
55035223000010, 93
55035223000011, 84
55035223000012, 56
55035223000013, 56
55035223000014, 56
55035223000015, 93
55035223000017, 5
55035223000018, 85
55035223000019, 56
55035223000020, 5
55035223000021, 5
55035223000022, 56
55035223000023, 56
55035223000024, 93
55035223000025, 93
55035223000026, 93
55035223000027, 5
55035223000028, 5
55035223000029, 56
55035223000030, 93
55035223000031, 93
55035223000032, 93
55035223000033, 56
55035223000034, 93
55035223000035, 93
55035223000036, 5
55035223000037, 5
55035223000038, 5
55035223000039, 5
55035223000042, 5
55035223000043, 93
55035223000044, 5
55035223000045, 56
55035223000046, 93
55035223000047, 93
55035223000048, 5
55035223000048B, 5
55035223000049, 93
55035223000050, 56
55035223000051, 56
55035223000053, 5
55035223000054, 93
55035248250001, 60
55035248500001, 60
55035251250001, 0
55035443500001, 5
55035443500002, 5
55035462750001, 5
55035607500001, 5
55035634000001, 42
55035634000002, 5
55035634000003, 42
55035634000004, 42
55035726750001, 68
55035726750002, 93
55035726750003, 73
55035726750004, 5
55035726750005, 5
55035726750006, 93
55035815500001, 1
55035815500002, 5
55035815500003, 5
55035815500004, 13
55035836120001, 2
55035836120002, 5
55035836120003, 5
55035836120004, 23
55035836120005, 5
55035836120006, 93
55035836120007, 93
55035836120008, 5
55035836120009, 93
55035836120010, 5
55035836120011, 5
55035836120012, 0
55035836120013, 5
55035874000001, 60
55037038750001, 92
55037038750002, 92
55037038750003, 92
55037165500001, 92
55037165500002, 92
55037165500003, 92
55037255750001, 92
55037256750001, 92
55037262000001, 92
55037262000002, 92
55037262000003, 92
55037262000004, 90
55037262000005, 92
55037262000006, 92
55037262000007, 65
55037356000001, 92
55037456250001, 92
55037799750001, 92
55039015250001, 68
55039015250002, 68
55039031500001, 47
55039031500002, 47
55039031500003, 47
55039037500001, 47
55039037500002, 47
55039037500003, 47
55039093000001, 68
55039116000001, 94
55039116000002, 94
55039120750001, 38
55039120750002, 38
55039123250001, 47
55039123250002, 47
55039123250003, 47
55039123250004, 47
55039224750001, 47
55039225000001, 47
55039225000002, 47
55039231500001, 1
55039231500002, 68
55039231500003, 68
55039240500001, 94
55039240500002, 94
55039240500003, 94
55039240500004, 20
55039250750001, 68
55039262750001, 94
55039262750002, 94
55039262750003, 94
55039262750004, 94
55039262750005, 94
55039262750006, 94
55039262750007, 84
55039262750008, 94
55039262750009, 94
55039262750010, 94
55039262750011, 94
55039262750012, 94
55039262750013, 94
55039262750014, 94
55039262750015, 94
55039262750016, 94
55039262750017, 94
55039262750018, 94
55039262750019, 94
55039262750020, 94
55039262750021, 94
55039262750022, 94
55039262750023, 94
55039262750024, 94
55039262750025, 94
55039262750026, 94
55039262750027, 94
55039263000001, 85
55039263000002, 1
55039263000003, 94
55039263000004, 0
55039263000005, 94
55039263000006, 45
55039263000007, 62
55039263000008, 2
5503926300001A, 25
55039264500001, 2
55039264500002, 38
55039279750001, 92
55039279750002, 1
55039279750003, 82
55039393000006, 47
55039421250001, 47
55039421250002, 47
55039496500001, 38
55039496500002, 38
55039514500001, 68
55039514500002, 68
55039546500001, 38
55039580000001, 25
55039580000002, 25
55039580000003, 9
55039580000004, 25
55039580000005, 25
55039580000006, 25
55039589000001, 47
55039589000002, 47
55039589250001, 47
55039589250002, 47
55039604250001, 47
55039604250002, 47
55039681750001, 68
55039681750002, 68
55039681750003, 68
55039681750004, 68
55039681750005, 68
55039681750006, 68
55039681750007, 68
55039681750008, 68
55039681750009, 68
55039681750010, 68
55039681750011, 68
5503968175007A, 68
55039682000001, 29
55039682000002, 68
55039695250001, 68
55039695250002, 68
55039695500002, 68
55039705000001, 38
55039762500001, 68
55039791250001, 94
55039791250002, 94
55039791250003, 94
55039791250004, 94
55039791250005, 94
55039844250009, 64
55039844250010, 64
55039844250011, 64
55039844250012, 1
5503984425009A, 64
5503984425009B, 68
55039844500001, 94
55039844500002, 2
55041016250001, 92
55041026250001, 92
55041026250002, 92
55041026250003, 92
55041029500001, 92
55041079500001, 92
55041131250001, 92
55041174250001, 92
55041174250002, 92
55041174250003, 92
55041174250004, 92
55041174500001, 41
55041174500002, 92
55041174500003, 92
55041276000001, 92
55041346500001, 92
55041425000001, 92
55041425000002, 92
55041425000003, 92
55041443750001, 92
55041443750002, 92
55041443750003, 92
55041555750001, 92
55041555750002, 92
55041555750003, 92
55041640500001, 92
55041696250001, 92
55041830250001, 92
55041830250002, 92
55041830250003, 92
55041830250004, 92
55041830250005, 92
55043042500001, 35
55043061000001, 35
55043083750001, 1
55043084000001, 35
55043085250001, 81
55043088500001, 1
55043088500002, 16
55043088500003, 81
55043088500004, 81
55043088750001, 81
55043088750002, 0
55043130500001, 35
55043130500002, 0
55043130750001, 35
55043131000001, 81
55043155000001, 35
55043155000002, 35
55043179500001, 35
55043179500002, 35
55043179500003, 35
55043179500004, 35
55043201750001, 35
55043201750002, 35
55043234000001, 35
55043256000001, 35
55043256000002, 35
55043256000003, 81
55043256000004, 81
55043256250001, 81
55043256250002, 81
55043295250001, 35
55043328250001, 35
55043335000001, 35
55043335000002, 35
55043335250001, 35
55043335250002, 35
55043343000001, 81
55043378000001, 35
55043378000002, 35
55043378000003, 35
55043422500001, 35
55043422500002, 35
55043422500003, 35
55043422500004, 35
55043422500005, 35
55043422500006, 35
55043438250001, 35
55043440500001, 35
55043450250001, 35
55043453250001, 35
55043493500001, 81
55043521500001, 35
55043539500001, 81
55043546750001, 35
55043547000001, 35
55043547750001, 35
55043552000001, 81
55043552000002, 81
55043552250001, 0
55043581250001, 35
55043581250002, 85
55043611500001, 35
55043611500002, 35
55043614250001, 35
55043614500001, 35
55043632500001, 35
55043632500002, 35
55043632500003, 35
55043632500004, 35
55043632500005, 66
55043632500006, 35
55043632500007, 35
55043632500008, 35
55043632750001, 35
55043632750002, 35
55043632750003, 35
55043646250001, 67
55043646500001, 1
55043744500001, 35
55043744500002, 35
55043750750001, 35
55043750750002, 35
55043750750003, 0
55043792500002, 67
55043839000001, 35
55043840750001, 81
55043840750002, 81
55043878000001, 81
55043888250001, 35
55043888500001, 35
55043892500001, 35
55045003250001, 14
55045007500001, 14
55045007500002, 14
55045007750001, 14
55045007750002, 14
55045063000003, 14
55045099250001, 61
55045099250002, 61
55045099250003, 61
55045099250004, 7
55045099250005, 61
55045099250006, 61
55045100750002, 61
55045101000001, 14
55045101000002, 14
55045101000003, 14
55045104750001, 35
55045117250001, 35
55045150000001, 14
55045150000002, 14
55045190750001, 61
55045190750002, 61
55045190750003, 7
55045247250001, 14
55045247250002, 14
55045247250003, 96
55045247250004, 14
55045378750001, 7
55045378750002, 7
55045385500001, 14
55045537500001, 14
55045537500002, 14
55045537500003, 14
55045537500004, 14
55045537500005, 14
55045537500006, 14
55045537500007, 14
55045537500008, 14
55045537500009, 14
55045537750001, 14
55045537750002, 14
55045540000001, 2
55045540000002, 45
55045548500001, 0
55045548500002, 7
55045548500003, 7
55045567000001, 14
55045567000002, 14
55045567000003, 28
55045567000004, 14
55045567250001, 14
55045567250002, 14
55045760750001, 7
55045788750001, 7
55045788750002, 7
55045836250001, 14
55045894750001, 14
55047069250001, 25
55047069250002, 25
55047069250003, 25
55047069250004, 25
55047069250005, 25
55047069250006, 25
55047069500001, 25
55047069500002, 42
55047069500003, 25
55047101250001, 48
55047101250002, 25
55047101250003, 25
55047313000001, 26
55047313000002, 25
55047313000003, 25
55047313500001, 25
55047313500002, 68
55047397500001, 25
55047397750001, 25
55047397750002, 25
55047468750001, 68
55047484000001, 68
55047494500001, 25
55047494500002, 25
55047494500003, 81
55047495000001, 25
55047495250001, 25
55047656000001, 25
55047656000002, 25
55047656000003, 25
55047656000004, 25
55047656250001, 25
55047656250002, 25
55047656250003, 25
55047656250004, 25
55047709250001, 25
55047709250002, 25
55047725250001, 25
55049025500001, 81
55049025750001, 81
55049025750002, 81
55049040250001, 81
55049047750001, 14
55049047750002, 14
55049081250002, 14
55049096000001, 14
55049096000002, 14
55049158750001, 81
55049159750001, 81
55049203500001, 14
55049203500002, 14
55049203500003, 14
55049203500004, 14
55049203500005, 14
55049203500006, 14
55049203500007, 14
55049203500008, 14
55049203500009, 14
55049203500010, 14
55049203750001, 31
55049203750002, 81
55049203750003, 14
55049203750004, 81
55049225250001, 81
55049344500001, 81
55049344750001, 81
55049344750002, 81
55049354000001, 14
55049446250001, 81
55049446500001, 81
55049446500002, 81
55049446500003, 35
55049453250002, 35
55049517250001, 35
55049517250002, 81
55049531000001, 35
55049531000002, 92
55049531000003, 17
55049531000004, 35
55049531000005, 35
55049531000006, 35
55049531250001, 35
55049531250002, 35
55049539500002, 60
55049539500002B, 81
55049544250001, 14
55049544250002, 14
55049552000003, 89
55049657000001, 81
55049671000001, 35
55049678750001, 14
55049679000001, 14
55049679000002, 14
55049831500001, 14
55049831500002, 14
55049893500001, 81
55049893500002, 81
55051019250001, 43
55051125250001, 43
55051318750001, 43
55051365250001, 0
55051365250002, 43
55051365250003, 43
55051365250004, 43
55051396250001, 43
55051400750001, 43
55051512000001, 43
55051512000002, 43
55051512000003, 43
55051512000004, 43
55051540750001, 43
55051540750002, 43
55051598500001, 43
55051618250001, 43
55051718750001, 54
55051734000001, 43
55053003500001, 1
55053003500002, 44
55053003500003, 71
55053009000001, 71
55053009000002, 42
55053009000003, 42
55053009000004, 42
55053012750001, 84
55053012750002, 42
55053012750003, 30
55053012750004, 42
55053012750005, 42
55053013000001, 42
55053055500001, 71
55053079000001, 71
55053079000002, 71
55053079000003, 2
55053079000004, 71
55053099000001, 71
55053099000002, 71
55053099000003, 71
55053099000004, 2
55053099000005, 71
55053099000006, 71
55053148000001, 71
55053153750001, 60
55053180750001, 42
55053272250001, 71
55053282500001, 42
55053283250001, 42
55053350750001, 42
55053351000001, 42
55053351000002, 42
55053372750001, 71
55053372750002, 71
55053372750003, 71
55053400000001, 71
55053403250001, 60
55053484250001, 71
55053507500001, 71
55053507750001, 71
55053513000001, 1
55053520500001, 71
55053577750001, 71
55053579750001, 42
55053759000001, 42
55053791500001, 42
55055041250001, 49
55055041250002, 1
55055122250001, 73
55055162250001, 2
55055166500001, 70
55055166500002, 70
55055166500003, 48
55055253000001, 70
55055253000002, 70
55055266750001, 70
55055266750002, 70
55055266750003, 70
55055266750004, 70
55055266750005, 68
55055266750006, 70
55055266750007, 70
55055266750008, 93
55055266750009, 70
55055337000001, 70
55055337000002, 70
55055376000001, 48
55055376000002, 48
55055376000003, 48
55055376000004, 48
55055376000005, 48
55055376000006, 48
55055379000001, 70
55055379000002, 49
55055379000003, 49
55055379000004, 49
55055379000005, 49
55055379000006, 70
55055379000007, 70
55055379000008, 70
55055379000009, 70
55055379000010, 70
55055379250001, 70
55055379250002, 70
55055379250003, 70
55055383500001, 70
55055383500002, 70
55055383500003, 83
55055403750001, 70
55055403750002, 0
55055403750003, 70
55055403750004, 70
55055403750005, 0
55055403750006, 70
55055407500002, 48
55055416750001, 58
55055416750002, 0
55055416750003, 49
55055416750004, 75
55055416750005, 49
55055416750006, 49
55055416750007, 49
55055416750008, 49
55055417000001, 0
55055417000002, 0
55055417000003, 1
55055518500001, 49
55055518500002, 49
55055591250001, 91
55055591250002, 70
55055591250003, 70
55055591250004, 70
55055610250001, 7
55055610250002, 7
55055610500001, 7
55055610500002, 7
55055781750001, 70
55055782000001, 70
55055782000002, 70
55055782000003, 70
55055784750001, 70
55055839250001, 46
55055839250002, 49
55055839250003, 49
55055839250004, 49
55055839250005, 49
55055839500001, 49
55055839750008, 0
55055839750009, 49
55055839750010, 49
55055839750011, 48
55055839750012, 48
55055839750013, 48
55055839750014, 48
55055839750015, 48
55055839750016, 48
55055839750017, 49
55055839750018, 49
55055840000001, 49
55055840000002, 48
55055869250010, 7
55055869250011, 75
55055869250012, 7
55057028500001, 13
55057123500001, 71
55057152250001, 71
55057152250002, 1
55057182250001, 71
55057238000001, 71
55057238000002, 71
55057238000003, 71
55057238000004, 2
55057238000005, 71
55057238000006, 71
55057238000007, 71
55057258500001, 71
55057268250001, 71
55057268250002, 71
55057288500001, 21
55057288500002, 21
55057288500003, 21
55057366750001, 71
55057395750001, 21
55057398000001, 71
55057433000001, 21
55057433000002, 21
55057433000003, 21
55057433000004, 21
55057446750001, 2
55057448250001, 46
55057448250002, 21
55057448250003, 71
55057465250001, 21
55057465250002, 21
55057465250003, 96
55057466000001, 21
55057493750001, 21
55057500250001, 21
55057500250002, 21
55057500250003, 21
55057500250004, 21
55057500250005, 21
55057500250006, 21
55057500250007, 21
55057557000001, 71
55057557250001, 71
55057557250002, 13
55057557250003, 71
55057557250004, 13
55057569000001, 21
55057569000002, 21
55057569000003, 21
55057569000004, 21
55057569000005, 21
55057569000006, 21
55057569000007, 21
55057601500001, 71
55057636500001, 71
55057726250001, 21
55057726250002, 21
55057783000001, 21
55057817250001, 6
55057881500007, 68
55057885000001, 6
55057885250001, 6
55057885250002, 65
55059096350001, 28
55059096350002, 28
55059096350003, 19
55059096350004, 28
55059098000001, 1
55059098000002, 98
55059098000003, 98
55059098000004, 98
55059098000005, 98
55059098000006, 98
55059098000007, 98
55059098000008, 98
55059286750005, 0
55059392250001, 39
55059392250002, 39
55059392250003, 39
55059392250004, 39
55059392250005, 33
55059392250006, 39
55059392250007, 40
55059392250008, 40
55059392250009, 40
55059392250010, 40
55059392250011, 40
55059392250012, 98
55059392250013, 40
55059392250014, 40
55059392250015, 40
55059392250016, 1
55059392250017, 1
55059392250018, 39
55059392250019, 39
55059392250020, 40
55059392250021, 40
55059392250022, 40
55059392250023, 40
55059392250024, 39
55059392250025, 39
55059392250026, 39
55059392250027, 39
55059392250028, 40
55059392250029, 40
55059392250030, 39
55059392250031, 40
55059392250032, 98
55059392250033, 40
55059392250034, 40
55059392250035, 98
55059392250036, 98
55059392250037, 98
55059392250038, 98
55059392250039, 98
55059392250040, 98
55059392250041, 98
55059392250042, 98
55059392250043, 98
55059392250044, 7
55059392250045, 40
55059392250046, 39
55059392250047, 40
55059392250048, 40
55059392250049, 40
55059392250050, 40
55059392250051, 40
55059392250052, 40
55059392250053, 40
55059392250054, 40
55059392250055, 40
55059392250056, 40
55059392250057, 40
55059392250058, 40
55059392250059, 40
55059392250060, 98
55059392250061, 98
55059392250062, 98
55059392250063, 40
55059392250064, 40
55059392250065, 59
55059392250066, 40
55059392250067, 40
55059392250068, 40
55059392250069, 40
55059392250070, 40
55059392250071, 40
55059392250072, 75
55059392250073, 98
55059392250074, 33
55059392250075, 29
55059392250076, 98
55059392250077, 98
55059392250078, 98
55059392250079, 98
55059392250080, 39
55059392250081, 39
55059392250082, 39
55059392250083, 40
55059392250084, 40
55059392250085, 40
55059392250086, 40
55059392250087, 40
55059392250088, 81
55059609750001, 98
55059609750002, 98
55059609750003, 98
55059609750004, 98
55059609750005, 98
55059609750006, 98
55059611750001, 33
55059611750002, 33
55059633000001, 98
55059633000002, 98
55059633000003, 40
55059633000004, 98
55059633000005, 98
55059633000006, 40
55059633000007, 40
55059633000008, 98
55059633000009, 98
55059633000010, 98
55059633000011, 98
55059633000012, 59
55059633000013, 98
55059633000014, 98
55059661250001, 36
55059661250002, 81
55059661250003, 36
55059661250004, 36
55059661250005, 36
55059661250006, 36
55059661250007, 36
55059711250001, 98
55059711250002, 98
55059711250003, 0
55059711250004, 98
55059711250005, 98
55059711250006, 98
55059711250007, 36
55059711250008, 28
55059711250009, 28
55059711250010, 28
55059740250001, 28
55059740250002, 28
55059740250003, 28
55059746500001, 39
55059746500002, 2
55059746500003, 39
55059746500004, 39
55059746500005, 39
55059746500006, 39
55059746500007, 39
55059746500008, 39
55059746500009, 39
55059746500010, 79
55059746500011, 39
55059746500012, 39
55059746500013, 2
55059812500001, 36
55059812500002, 36
55059812500003, 36
55059812500004, 36
55059812500005, 36
55059812500006, 36
55059812500007, 36
55059812500008, 36
55059865000001, 36
55059865000002, 36
55059865000003, 36
55059865000004, 36
55059865000005, 36
55059865000006, 36
55061006000001, 10
55061010000001, 0
55061010000002, 10
55061010000003, 10
55061010000004, 10
55061010000005, 10
55061010000006, 10
55061125750001, 10
55061125750002, 10
55061128500001, 10
55061128750001, 10
55061128750002, 10
55061128750003, 10
55061272500001, 10
55061393500001, 10
55061393500002, 10
55061393500003, 10
55061393500004, 10
55061393500005, 10
55061444250001, 10
55061464000001, 10
55061464000002, 10
55061464000003, 10
55061464000004, 10
55061464000005, 10
55061464250001, 10
55061464250002, 10
55061464250003, 10
55061540500001, 10
55061540500002, 10
55061540500003, 10
55061626250001, 10
55061626250002, 10
55061667000001, 10
55061667000002, 10
55061667000003, 10
55061857750001, 10
55061857750002, 10
55063045500001, 0
55063045500002, 6
55063045750001, 6
55063048250001, 6
55063048250002, 6
55063113000001, 51
55063123000001, 42
55063123000002, 42
55063123000003, 42
55063123000004, 42
55063123000005, 42
55063123000006, 42
55063253250001, 71
55063253250002, 0
55063311500001, 6
55063311500002, 6
55063322750001, 71
55063322750002, 71
55063322750003, 95
55063322750004, 6
55063322750005, 6
55063353500001, 1
55063353500002, 42
55063353500003, 42
55063353500004, 42
55063353500005, 71
55063353500006, 71
55063354500001, 24
55063354500002, 71
55063354500003, 25
55063354500004, 71
55063354500005, 71
55063354500006, 71
55063354500007, 71
55063354500008, 71
55063354500009, 81
55063354500010, 17
55063354500011, 2
55063407750001, 3
55063407750002, 62
55063407750003, 62
55063407750004, 42
55063407750005, 62
55063407750006, 42
55063407750007, 62
55063407750008, 62
55063407750009, 62
55063407750010, 62
55063407750011, 62
55063407750012, 62
55063407750013, 62
55063407750014, 62
55063407750015, 62
55063407750016, 62
55063407750017, 62
55063407750018, 62
55063407750019, 62
55063407750020, 62
55063407750021, 62
55063407750022, 62
55063407750023, 62
55063407750024, 62
55063407750025, 90
55063407750026, 6
55063407750027, 62
55063407750028, 62
55063407750029, 6
55063504000001, 67
55063504000002, 62
55063599250001, 2
55063599250002, 75
55063599250003, 62
55063599250004, 62
55063599250005, 2
55063599250006, 62
55063599250007, 62
55063599250008, 62
55063599250009, 62
55063599250010, 62
55063599250011, 62
55063599250012, 62
55063599500001, 71
55063599500002, 2
55063599500003, 12
55063599500004, 0
55063599500005, 98
55063599500006, 42
55063599500007, 42
55063599500008, 1
55063689000001, 76
55063731250001, 63
55063731250002, 50
55063731250003, 6
55063731250004, 6
55063731250005, 62
55063731250006, 62
55063836500001, 6
55063862750001, 71
55063862750002, 71
55063862750003, 71
55063862750004, 72
55063862750005, 6
55063862750006, 64
55065026500001, 35
55065026750001, 35
55065026750002, 35
55065026750003, 35
55065064250001, 35
55065064500001, 35
55065064500002, 35
55065068250001, 35
55065068500001, 35
55065068500002, 35
55065081000001, 14
55065081250001, 14
55065179500005, 35
55065188750001, 1
55065188750002, 35
55065188750003, 35
55065188750004, 35
55065188750005, 35
55065188750006, 35
55065189000001, 35
55065189000002, 35
55065189000003, 35
55065232620001, 35
55065232620002, 35
55065254750001, 35
55065254750002, 35
55065305750001, 35
55065306000001, 35
55065335000003, 35
55065391250001, 35
55065421750001, 35
55065421750002, 35
55065540250001, 35
55065566250001, 35
55065727000001, 35
55065727000002, 35
55065738250001, 35
55065738250002, 74
55065738250003, 35
55065738500001, 35
55065752750001, 35
55065848500001, 35
55065868000001, 35
55065872750001, 35
55065880500001, 35
55067002250001, 41
55067006250001, 41
55067022500001, 41
55067022500002, 41
55067022500003, 41
55067022500004, 41
55067022500005, 41
55067022500006, 41
55067022500007, 41
55067022500008, 2
55067022500009, 55
55067022750001, 16
55067022750002, 0
55067230500001, 0
55067230500002, 41
55067245750001, 77
55067424250001, 92
55067424250002, 92
55067562000001, 41
55067587000001, 55
55067613750001, 41
55067615250001, 41
55067638250001, 77
55067638250002, 77
55067655500001, 41
55067655500002, 41
55067691750001, 55
55067691750002, 55
55067783250001, 41
55067819500001, 41
55067828250001, 41
55067867500001, 92
55067884500001, 92
55067884500002, 92
55069075000001, 41
55069092250001, 41
55069092250002, 41
55069092250003, 41
55069092250004, 41
55069092250005, 41
55069171250001, 41
55069171250002, 41
55069326500001, 41
55069328750001, 41
55069328750002, 41
55069328750003, 41
55069396750001, 41
55069396750002, 41
55069512500001, 41
55069512500002, 41
55069512500003, 41
55069512500004, 41
55069512500005, 41
55069512500006, 41
55069512500007, 41
55069512500008, 41
55069512500009, 41
55069512500010, 41
55069512500011, 41
55069512500012, 41
55069512500013, 41
55069512500014, 41
55069512500015, 41
55069512500016, 41
55069512500017, 41
55069512500018, 41
55069512500019, 41
55069512750001, 41
55069512750002, 41
55069512750003, 41
55069512750004, 41
55069512750005, 41
55069512750006, 41
55069512750007, 41
55069629500001, 41
55069629500002, 41
55069629500003, 41
55069688250001, 41
55069688250002, 41
55069703250001, 41
55069721000001, 41
55069721000002, 41
55069723000001, 41
55069723000002, 41
55069742500001, 41
55069747250001, 41
55069801250001, 41
55069801250002, 41
55069801250003, 41
55069801250004, 41
55069801250005, 41
55069801250006, 41
55069801500001, 41
55069874250001, 41
55071132370001, 52
55071132370002, 52
55071137500001, 1
55071154000001, 77
55071154000002, 77
55071169500001, 31
55071169500002, 10
55071222750001, 38
55071271250001, 31
55071272750001, 52
55071272750002, 52
55071272750003, 31
55071289750001, 10
55071289750002, 10
55071390000001, 31
55071395250001, 52
55071395250002, 38
55071395250003, 52
55071395250004, 38
55071395250005, 52
55071395250006, 38
55071404250001, 31
55071404250002, 31
55071404250003, 31
55071438500001, 52
55071438500002, 52
55071485000001, 52
55071485000002, 2
55071485000003, 0
55071485000004, 31
55071485000005, 52
55071485000006, 60
55071485000007, 52
55071485000008, 52
55071485000009, 52
55071485000010, 52
55071485000011, 52
55071485000012, 52
55071485000013, 52
55071485000014, 52
55071485000015, 31
55071485000016, 31
55071485000017, 52
55071485000018, 41
55071485000019, 31
55071485000020, 31
55071485000021, 31
55071485250001, 52
55071485250002, 96
55071485750001, 31
55071485750002, 31
55071485750003, 31
55071485750004, 31
55071485750005, 52
55071488750001, 52
55071492500001, 10
55071506250001, 38
55071506250002, 38
55071506250003, 38
55071506250004, 38
55071533250001, 10
55071533250002, 10
55071533500001, 10
55071533500002, 10
55071572000001, 52
55071572000002, 52
55071572000003, 52
55071668750001, 52
55071668750002, 52
55071689250001, 52
55071689250002, 52
55071710250001, 52
55071720750001, 62
55071720750002, 38
55071813000001, 10
55071813250001, 10
55071813250002, 10
55071813250003, 10
55071813250004, 10
55071813250005, 10
55071813250006, 10
55071813250007, 10
55071813250008, 10
55071813500001, 42
55071813500002, 10
55071822000001, 52
55071867750001, 52
55073001000001, 3
55073035500001, 3
55073035500002, 3
55073068750001, 3
55073069750001, 3
55073069750002, 3
55073070000001, 3
55073071250001, 55
55073071250002, 55
55073076000002, 55
55073096500001, 60
55073099750001, 41
55073129750001, 3
55073154250001, 3
55073154250002, 3
55073161500001, 3
55073189500001, 3
55073189500002, 3
55073204500002, 2
55073204500002B, 3
55073220250001, 55
55073220250002, 55
55073224250001, 3
55073225500001, 3
55073225500002, 3
55073230750001, 55
55073231000001, 55
55073240250001, 3
55073240250002, 3
55073256500001, 3
55073271500001, 3
55073274500001, 55
55073314500001, 3
55073318000001, 55
55073321500001, 3
55073322000001, 3
55073329000001, 55
55073331750001, 55
55073342250001, 55
55073355000001, 3
55073363250001, 55
55073383000001, 3
55073401500001, 55
55073401500002, 72
55073401500003, 3
55073405500001, 55
55073405500002, 55
55073405500003, 55
55073405500004, 55
55073405500005, 55
55073405500006, 55
55073405500007, 55
55073405500008, 55
55073405500009, 55
55073405500010, 55
55073469750001, 60
55073469750002, 2
55073469750003, 60
55073482250001, 66
55073482250002, 41
55073482250003, 41
55073482250004, 41
55073490750001, 3
55073490750002, 3
55073491000001, 3
55073491000002, 3
55073491000003, 3
55073496750012, 60
55073496750020, 78
55073496750021, 92
55073496750024, 93
55073545000001, 55
55073545000002, 3
55073545000003, 3
55073545000004, 3
55073545000005, 3
55073545000006, 55
55073545000007, 55
55073545250001, 3
55073545250002, 3
55073545250003, 3
55073576000001, 55
55073635000001, 55
55073669500001, 55
55073669500002, 55
55073672500001, 3
55073673250001, 3
55073673250002, 0
55073673250003, 87
55073673250004, 87
55073673250005, 3
55073673250006, 3
55073673250007, 3
55073673250008, 3
55073673250009, 87
55073673250010, 87
55073679500001, 3
55073680750001, 55
55073680750002, 55
55073697250001, 87
55073697250002, 87
55073697250003, 87
55073697250004, 87
55073697250005, 87
55073697250006, 87
55073721500001, 87
55073721500002, 87
55073721500003, 87
55073721500004, 87
55073754000001, 60
55073754000002, 60
55073754000003, 60
55073754250001, 4
55073754250002, 60
55073771500001, 3
55073771500002, 3
55073771500003, 3
55073771500004, 2
55073777500001, 3
55073777500002, 3
55073793500001, 55
55073793500002, 55
55073818500001, 60
55073844750001, 87
55073844750002, 87
55073844750003, 87
55073844750004, 87
55073844750005, 87
55073844750006, 87
55073844750007, 89
55073844750008, 87
55073844750009, 55
55073844750010, 55
55073844750011, 55
55073844750012, 87
55073844750013, 87
55073844750014, 87
55073844750015, 0
55073844750016, 55
55073844750017, 92
55073844750018, 87
55073844750019, 87
55073844750020, 87
55073844750021, 87
55073844750022, 3
55073844750023, 87
55073844750024, 87
55073844750025, 3
55073844750027, 3
55073844750028, 3
55073844750029, 41
55073845000001, 1
55073845000002, 55
55073845000003, 55
55073860250001, 7
55073860250002, 87
55073860250003, 87
55073860250004, 87
55073860250005, 87
55073860250006, 87
55073860250007, 87
55073860250008, 87
55073860250009, 87
55073860250010, 87
55073860250011, 87
55073860250012, 87
55073860250013, 87
55073860500001, 27
55073870250001, 3
55075016750001, 92
55075035250001, 92
55075035250002, 92
55075058000001, 77
55075058000002, 77
55075060000001, 92
55075162500001, 77
55075177250001, 92
55075210000001, 92
55075210000002, 92
55075297750001, 92
55075317250001, 83
55075317250002, 77
55075317250003, 77
55075410750001, 77
55075410750002, 92
55075493000001, 89
55075493000002, 92
55075493000003, 92
55075493000004, 92
55075493000005, 31
55075493000006, 92
55075493000007, 92
55075493000008, 92
55075515370001, 92
55075515370002, 92
55075573250001, 92
55075573250002, 92
55075573250003, 92
55075573500001, 92
55075617750001, 92
55075617750002, 92
55075621750001, 92
55075621750002, 92
55075621750003, 92
55075621750004, 92
55075621750005, 92
55075621750006, 92
55075621750007, 92
55075622000001, 92
55075622000002, 36
55075622000003, 0
55075622000004, 74
55075622000005, 92
55075622000006, 92
55075642750001, 92
55075642750002, 92
55075642750003, 77
55075647500001, 77
55075647750001, 77
55075647750002, 77
55075647750003, 77
55075739750001, 92
55075770000001, 92
55075770000002, 92
55075770000003, 55
55075770000004, 92
55075770000005, 92
55075830500001, 92
55075845250001, 92
55075845500001, 92
55075845500002, 92
55077110500001, 25
55077110500002, 25
55077179000001, 25
55077205250001, 21
55077240750001, 25
55077327750001, 21
55077503500001, 25
55077538750001, 25
55077538750002, 13
55077538750003, 25
55077538750004, 25
55077539000001, 25
55077539000002, 25
55077539000003, 25
55077539000004, 25
55077546000001, 25
55077546000002, 25
55077561250001, 25
55077561500001, 25
55077561500002, 25
55077572250001, 2
55077572250002, 21
55077608750001, 21
55077609000001, 21
55077609000002, 21
55077609620001, 21
55077609620002, 21
55077609620003, 25
55077736000001, 25
55077759250001, 21
55077855750001, 21
55077855750002, 21
55077856000001, 21
55077856000002, 21
55078509750001, 77
55078509750002, 77
55078509750003, 77
55078509750004, 77
55078509750005, 77
55079054500001, 24
55079054500001B, 24
55079054500002, 24
55079054500003, 24
55079054500003B, 24
55079054500004, 24
55079054500005, 24
55079103750001, 76
55079103750002, 76
55079103750003, 76
55079103750004, 72
55079103750005, 24
55079103750006, 24
55079179750001, 80
55079179750002, 80
55079179750003, 80
55079179750004, 80
55079179750005, 80
55079179750006, 80
55079179750007, 80
55079179750008, 80
55079179750009, 80
55079179750010, 80
55079179750011, 80
55079179750012, 80
55079179750013, 80
55079179750014, 80
55079179750015, 80
55079270750001, 24
55079270750002, 24
55079270750003, 24
55079270750004, 24
55079270750005, 24
55079270750006, 24
55079270750007, 24
55079270750008, 24
55079270750009, 24
55079273000001, 91
55079273000002, 91
55079273000003, 91
55079273000004, 9
55079273000005, 9
55079273000006, 91
55079273000007, 91
55079273000008, 91
55079273000009, 91
55079273000010, 91
55079273000011, 91
55079273000012, 91
55079273000013, 91
55079273000014, 45
55079273000016, 91
55079273000017, 91
55079273000018, 91
55079273000019, 91
55079273000020, 91
55079273000021, 91
55079273000023, 9
5507927300015A, 45
5507927300015B, 45
5507927300022A, 9
5507927300022B, 9
55079294000001, 79
55079294000002, 79
55079294000003, 24
55079294000004, 24
55079294000005, 24
55079294000006, 79
55079294000007, 79
55079294000008, 24
55079294000009, 24
55079294000010, 24
55079294000011, 24
55079294000011 E, 24
55079294000012, 79
5507929400008E, 24
55079311250001, 91
55079311250002, 91
55079311250003, 91
55079311250004, 91
55079311250005, 91
55079311250006, 91
55079311250007, 93
55079311250008, 91
55079311250009, 57
55079311250010, 57
55079311750001, 57
55079311750002, 57
55079311750003, 57
55079311750004, 57
55079311750005, 57
55079311750006, 57
55079311750007, 12
55079311750008, 12
55079311750009, 12
55079311750010, 12
55079311750011, 12
55079311750012, 12
55079311750013, 57
55079311750014, 22
55079311750015, 57
55079311750016, 57
55079311750017, 57
55079311750018, 57
55079311750019, 57
55079311750020, 57
55079311750021, 91
55079320750001, 9
55079320750002, 9
55079320750003, 12
55079320750004, 9
55079320750005, 9
55079320750006, 9
55079320750007, 91
55079320750008, 9
55079320750009, 91
55079530000001, 76
55079530000002, 76
55079530000003, 76
55079530000004, 76
55079530000005, 76
55079530000006, 72
55079530000007, 72
55079530000008, 72
55079530000009, 72
55079530000010, 72
55079530000011, 82
55079530000012, 82
55079530000013, 72
55079530000014, 72
55079530000015, 72
55079530000016, 24
55079530000017, 24
55079530000018, 24
55079530000019, 24
55079530000020, 4
55079530000021, 4
55079530000022, 4
55079530000023, 24
55079530000024, 24
55079530000025, 82
55079530000026, 82
55079530000027, 82
55079530000028, 82
55079530000029, 72
55079530000030, 72
55079530000031, 89
55079530000032, 72
55079530000033, 72
55079530000034, 89
55079530000035, 89
55079530000036, 89
55079530000037, 89
55079530000038, 89
55079530000039, 89
55079530000040, 89
55079530000041, 82
55079530000042, 82
55079530000043, 82
55079530000044, 82
55079530000045, 82
55079530000046, 82
55079530000047, 4
55079530000048, 4
55079530000049, 4
55079530000050, 4
55079530000051, 4
55079530000052, 4
55079530000053, 4
55079530000054, 4
55079530000055, 79
55079530000056, 4
55079530000057, 4
55079530000058, 4
55079530000059, 4
55079530000060, 4
55079530000061, 4
55079530000062, 4
55079530000063, 4
55079530000064, 4
55079530000065, 4
55079530000066, 4
55079530000067, 4
55079530000068, 82
55079530000069, 82
55079530000070, 82
55079530000071, 82
55079530000072, 82
55079530000073, 82
55079530000074, 82
55079530000075, 89
55079530000076, 89
55079530000077, 89
55079530000078, 89
55079530000079, 89
55079530000080, 86
55079530000081, 86
55079530000082, 86
55079530000083, 86
55079530000084, 86
55079530000085, 86
55079530000086, 86
55079530000087, 86
55079530000088, 86
55079530000089, 86
55079530000090, 86
55079530000091, 82
55079530000092, 82
55079530000093, 82
55079530000094, 82
55079530000095, 82
55079530000096, 82
55079530000097, 82
55079530000098, 82
55079530000099, 82
55079530000100, 65
55079530000101, 65
55079530000102, 65
55079530000103, 65
55079530000104, 65
55079530000105, 65
55079530000106, 4
55079530000107, 65
55079530000108, 4
55079530000109, 4
55079530000110, 4
55079530000111, 65
55079530000112, 4
55079530000113, 4
55079530000114, 4
55079530000115, 4
55079530000116, 4
55079530000117, 65
55079530000118, 79
55079530000119, 79
55079530000120, 79
55079530000121, 65
55079530000122, 65
55079530000123, 79
55079530000124, 79
55079530000125, 79
55079530000126, 79
55079530000127, 79
55079530000128, 79
55079530000129, 79
55079530000130, 79
55079530000131, 79
55079530000132, 84
55079530000133, 84
55079530000134, 84
55079530000135, 84
55079530000136, 84
55079530000137, 84
55079530000138, 65
55079530000139, 65
55079530000140, 65
55079530000141, 65
55079530000142, 65
55079530000143, 65
55079530000144, 65
55079530000145, 65
55079530000146, 65
55079530000147, 65
55079530000148, 65
55079530000149, 65
55079530000150, 18
55079530000151, 65
55079530000152, 65
55079530000153, 65
55079530000154, 18
55079530000155, 18
55079530000156, 18
55079530000157, 18
55079530000158, 18
55079530000159, 18
55079530000160, 18
55079530000161, 82
55079530000162, 82
55079530000163, 82
55079530000164, 82
55079530000165, 86
55079530000166, 86
55079530000167, 18
55079530000168, 18
55079530000169, 18
55079530000170, 18
55079530000171, 18
55079530000172, 18
55079530000173, 65
55079530000174, 65
55079530000175, 65
55079530000176, 65
55079530000177, 65
55079530000178, 84
55079530000179, 84
55079530000180, 84
55079530000181, 84
55079530000182, 84
55079530000183, 84
55079530000184, 84
55079530000185, 84
55079530000186, 84
55079530000187, 84
55079530000188, 84
55079530000189, 84
55079530000190, 84
55079530000191, 84
55079530000192, 84
55079530000193, 18
55079530000194, 84
55079530000195, 18
55079530000196, 18
55079530000197, 18
55079530000198, 18
55079530000199, 18
55079530000200, 18
55079530000201, 18
55079530000202, 18
55079530000203, 18
55079530000204, 18
55079530000205, 59
55079530000206, 59
55079530000207, 59
55079530000208, 86
55079530000209, 86
55079530000210, 59
55079530000211, 59
55079530000212, 59
55079530000213, 59
55079530000214, 18
55079530000215, 59
55079530000216, 59
55079530000217, 22
55079530000218, 22
55079530000219, 59
55079530000220, 59
55079530000221, 59
55079530000222, 18
55079530000223, 18
55079530000224, 22
55079530000225, 18
55079530000226, 18
55079530000227, 18
55079530000228, 84
55079530000229, 18
55079530000230, 23
55079530000231, 23
55079530000232, 23
55079530000233, 84
55079530000234, 84
55079530000235, 84
55079530000236, 23
55079530000237, 23
55079530000238, 23
55079530000239, 23
55079530000240, 23
55079530000241, 23
55079530000242, 23
55079530000243, 23
55079530000244, 80
55079530000245, 80
55079530000246, 23
55079530000247, 23
55079530000248, 23
55079530000249, 23
55079530000250, 23
55079530000251, 23
55079530000252, 23
55079530000253, 23
55079530000254, 23
55079530000255, 23
55079530000256, 23
55079530000257, 23
55079530000258, 22
55079530000259, 22
55079530000260, 22
55079530000261, 22
55079530000262, 22
55079530000263, 22
55079530000264, 22
55079530000265, 22
55079530000266, 22
55079530000267, 22
55079530000268, 22
55079530000269, 22
55079530000270, 12
55079530000271, 12
55079530000272, 12
55079530000273, 12
55079530000274, 12
55079530000275, 12
55079530000276, 12
55079530000277, 22
55079530000278, 57
55079530000279, 57
55079530000280, 57
55079530000281, 57
55079530000282, 57
55079530000283, 57
55079530000284, 57
55079530000285, 57
55079530000286, 57
55079530000287, 57
55079530000288, 57
55079530000289, 57
55079530000290, 57
55079530000291, 57
55079530000292, 23
55079530000293, 57
55079530000294, 23
55079530000295, 23
55079530000296, 23
55079530000297, 23
55079530000298, 23
55079530000299, 80
55079530000300, 80
55079530000301, 80
55079530000302, 45
55079530000303, 45
55079530000304, 45
55079530000305, 45
55079530000306, 57
55079530000307, 57
55079530000308, 91
55079530000309, 91
55079530000310, 91
55079530000311, 91
55079530000312, 91
55079530000313, 91
55079530000314, 45
55079530000315, 45
55079530000316, 45
55079530000317, 45
55079530000318, 76
55079530000319, 72
55079530000320, 18
55079530000321, 18
55079530000322, 57
55079530000323, 23
55079530000324, 23
55079530000325, 23
55079530000326, 57
55079530000327, 57
55079588000001, 45
55079588000002, 45
55079588000003, 45
55079588000004, 45
55079588000005, 45
55079588000006, 45
55079588000007, 45
55079588000008, 45
55079588000009, 45
55079588000010, 45
55079588000011, 45
55079588000012, 45
55079588000013, 45
55079588000014, 45
55079588000015, 45
55079588000016, 45
55079588000017, 45
55079588000018, 45
55079588000019, 45
55079683250001, 24
55079683250002, 24
55079683250003, 24
55079706500001, 80
55079706500002, 80
55079706500003, 80
55079706500004, 80
55079706500005, 80
55079706500006, 80
55079706500007, 80
55079706500008, 80
55079706500009, 80
55079706500010, 80
55079706500011, 80
55079706500012, 80
55079737250001, 79
55079737250002, 79
55079737250003, 79
55079737250004, 79
55079737250005, 79
55079737250006, 79
55079737250007, 79
55079737250008, 79
55079737250009, 79
55079737250010, 79
55079737250011, 79
55079737250012, 79
55079751250001, 80
55079751250002, 80
55079751250003, 80
55079751250004, 80
55079751250005, 80
55079751250006, 80
55079751250007, 80
55079751250008, 80
55079751250009, 80
55079751250010, 45
55079751250011, 45
55079751250012, 80
55079751250013, 80
55079751250014, 45
55079751250015, 80
55079751250016, 80
55079846750001, 86
55079846750002, 86
55079846750003, 86
55079846750004, 86
55079846750005, 86
55079846750006, 86
55079846750007, 86
55079846750008, 86
55079846750009, 89
55079846750010, 86
55079846750011, 59
55079846750012, 86
55079846750013, 86
55079846750014, 86
55079846750015, 86
55079846750016, 86
55079846750017, 86
55079846750018, 86
55079846750019, 86
55079846750020, 89
55079846750021, 89
55079846750022, 86
55079846750023, 89
55079846750024, 86
55079853000001, 59
55079853000002, 22
55079853000003, 22
55079853000004, 22
55079853000005, 22
55079853000006, 59
55079853000007, 12
55079853000008, 12
55079853000009, 12
55079853000010, 22
55079853000011, 59
55079853000012, 59
55079853000013, 59
55079853000014, 12
55079853000015, 12
55079853000016, 12
55079853000017, 12
55079853000018, 22
55079853000019, 22
55079853000020, 22
55079853000021, 12
55079853000022, 12
55079853000023, 12
55079853000024, 12
55079853000025, 2
55079858750001, 59
55079858750002, 59
55079858750003, 22
55079858750004, 22
55079858750005, 22
55079858750006, 59
55079867000001, 24
55079867000002, 24
55079867000003, 24
55079867000004, 79
55079867000005, 79
55079867000006, 79
55079867000007, 79
55079867000008, 79
55079867000009, 79
55079867000010, 79
55079867000011, 79
55079867000012, 79
55081004750001, 6
55081020250001, 6
55081020250002, 6
55081020250003, 6
55081116250001, 71
55081129500001, 6
55081129500002, 6
55081155500001, 71
55081294500001, 71
55081303250001, 71
55081312250001, 71
55081312250002, 71
55081379500001, 2
55081391500001, 71
55081409250001, 71
55081409250002, 71
5508141000001A, 71
5508141000001B, 1
5508141000002A, 71
5508141000002B, 35
5508141000003A, 71
5508141000003B, 6
55081434750001, 6
55081434750002, 6
55081444500001, 71
55081449750001, 71
55081449750002, 71
55081508000001, 45
55081569500001, 71
55081585750001, 6
55081588500001, 71
55081588750001, 71
55081644250001, 1
55081678500001, 6
55081723250001, 71
55081731500001, 6
55081753250001, 63
55081753250002, 71
55081753250003, 71
55081753250004, 71
55081753250005, 71
55081753250006, 71
55081753250007, 95
55081753250008, 5
55081753250009, 71
55081753250010, 71
55081753250011, 71
55081753250012, 60
55081753250013, 0
55081753250014, 71
55081753250015, 71
55081753250016, 8
55081753500001, 71
55081753500002, 71
55081753500003, 71
55081753500004, 71
55081753500005, 2
55081753500006, 71
55081800750001, 94
55081800750002, 71
55081800750003, 71
55081800750004, 71
55081800750006, 71
55081800750007, 6
55081800750008, 6
55081800750009, 71
55081800750010, 71
55081800750011, 71
55081800750012, 71
55081800750013, 71
55081800750014, 71
55081800750015, 71
55081800750016, 1
5508180075005A, 71
5508180075005B, 71
55081801000001, 6
55081801000002, 6
55081834500001, 1
55081851250001, 6
55081851250002, 6
55081851500001, 6
55081875250001, 6
55081875500001, 6
55081875500002, 6
55081875500003, 6
55081875500004, 6
55081875500005, 6
55081892750001, 2
55083001750001, 77
55083001750002, 77
55083001750003, 77
55083042750001, 77
55083093750001, 77
55083093750002, 77
55083093750003, 77
55083094250001, 77
55083141250001, 77
55083141250002, 77
55083141250003, 77
55083141250004, 77
55083141250005, 77
55083204750001, 92
55083290500001, 77
55083290500002, 77
55083290500003, 77
55083290750001, 77
55083290750002, 77
55083359250001, 77
55083359250002, 77
55083420750001, 92
55083433250001, 77
55083433500001, 77
55083451750001, 77
55083451750002, 77
55083452750001, 77
55083452750002, 77
55083452750003, 77
55083452750004, 77
55083452750005, 77
55083452750006, 77
55083452750007, 77
55083452750008, 77
55083490000026, 77
55083542000001, 77
55083542000002, 77
55083546300001, 77
55083593500001, 7
55083593500002, 77
55083593500003, 77
55083593500004, 77
55083593500005, 77
55083593500006, 77
55083593500007, 77
55083593750001, 77
55083593750002, 77
55083593750003, 24
55083594000001, 77
55083594000002, 77
55083594000003, 3
55083594000004, 77
55083594000005, 77
55083594250001, 77
55083594250002, 77
55083619000001, 77
55083619000002, 77
55083656750005, 0
55083684000001, 92
55083684000002, 92
55083764500001, 77
55083764500002, 77
55083773000001, 77
55083773000002, 77
55083787250001, 89
55083803250001, 92
55083814750001, 77
55085130250001, 43
55085130250002, 43
55085176250001, 3
55085176250002, 41
55085176250003, 41
55085241250001, 41
55085335750001, 49
55085335750002, 43
55085418870001, 43
55085418870002, 43
55085451500001, 43
55085466500001, 43
55085532250001, 43
55085532250002, 43
55085532250003, 43
55085532250004, 43
55085532250005, 43
55085532250006, 43
55085532250007, 43
55085536620001, 41
55085564250001, 43
55085564250002, 43
55085564250003, 43
55085564250004, 43
55085574500001, 41
55085574500002, 41
55085616250001, 41
55085616250002, 91
55085616250003, 41
55085616250004, 41
55085626000001, 92
55085629250001, 43
55085629250002, 41
55085629250003, 45
55085629250004, 41
55085672000001, 41
55085672000002, 41
55085672000003, 41
55085672000004, 43
55085672000005, 43
55085672000006, 43
55085672000007, 41
55085672000008, 41
55085672000009, 24
55085672000010, 52
55085672000011, 41
55085672000012, 41
55085672000013, 23
55085672000014, 2
55085721250001, 41
55085769750001, 41
55085769750002, 41
55085780750001, 43
55085780750002, 43
55085797000001, 98
55085797000002, 92
55085797000003, 43
55085797000004, 92
55085886250001, 41
55085889500001, 43
55085889500002, 43
55085889500003, 43
55087023750001, 53
55087023750002, 53
55087023750003, 53
55087023750004, 53
55087023750005, 69
55087023750006, 53
55087023750007, 53
55087023750008, 53
55087023750009, 53
55087023750010, 53
55087023750011, 53
55087023750015, 1
55087023750016, 69
55087023750017, 69
55087023750018, 69
55087023750019, 69
55087023750020, 1
55087023750021, 81
55087023750022, 8
55087023750023, 75
55087023750024, 53
55087023750025, 53
55087023750027, 53
55087023750028, 53
55087023750029, 53
55087023750030, 53
55087023750033, 53
55087023750034, 53
55087023750035, 96
55087023750036, 96
55087023750037, 69
55087023750038, 69
55087023750039, 55
55087023750040, 75
55087023750041, 75
55087023750042, 53
55087023750043, 69
55087023750048, 96
55087023750049, 96
55087023750050, 53
55087023750051, 53
55087023750052, 53
55087023750053, 53
55087023750054, 69
55087023750055, 53
55087023750056, 96
55087023750057, 96
55087055750001, 90
55087077250001, 75
55087077250002, 75
55087077500001, 75
55087077500002, 75
55087089750001, 75
55087089750002, 75
55087107500001, 69
55087107500002, 84
55087107500003, 69
55087107500004, 69
55087107500005, 92
55087107500006, 69
55087107500007, 60
55087107500008, 69
55087107500009, 53
55087107500010, 53
55087136000001, 75
55087136000002, 75
55087136000003, 75
55087136000004, 75
55087136000005, 96
55087136000006, 1
55087136000007, 75
55087147500001, 90
55087147500002, 75
55087165000001, 69
55087165000002, 69
55087165000003, 69
55087165000004, 69
55087185250001, 17
55087185250002, 17
55087185250003, 90
55087192000001, 90
55087234250001, 17
55087234250002, 17
55087234250003, 90
55087234250004, 96
55087234250005, 90
55087276500001, 75
55087276500002, 75
55087276500003, 75
55087276500004, 75
55087276500005, 75
55087276500006, 75
55087276500007, 75
55087276500008, 33
55087300750001, 96
55087300750002, 96
55087300750003, 96
55087300750004, 96
55087300750005, 96
55087300750006, 96
55087300750007, 96
55087300750008, 96
55087300750009, 96
55087300750010, 96
55087300750011, 67
55087300750012, 17
55087300750013, 17
55087300750014, 17
55087300750015, 61
55087300750016, 75
55087300750017, 79
55087300750018, 53
55087315500001, 96
55087315500002, 17
55087315500003, 96
55087315500004, 96
55087315500005, 96
55087315500006, 17
55087315500007, 17
55087315500008, 17
55087315500009, 17
55087358250001, 0
55087358250002, 2
55087358500001, 17
55087358500002, 17
55087358500003, 17
55087359500017, 75
55087388000001, 69
55087388000002, 69
55087388000003, 92
55087388000004, 69
55087388000005, 69
55087388000006, 69
55087388000007, 69
55087388000008, 69
55087388000009, 2
55087388000010, 47
55087388250001, 75
55087388250002, 39
55087388250003, 2
55087396500001, 69
55087396500002, 69
55087396500003, 69
55087396500004, 53
55087396500005, 69
55087396500006, 69
55087396500007, 69
55087396500008, 53
55087438750001, 90
55087449500001, 69
55087449500002, 69
55087449500003, 69
55087449500004, 69
55087449500005, 69
55087449500006, 69
55087449500007, 69
55087449500008, 69
55087449500009, 69
55087449500010, 69
55087449500011, 69
55087449500012, 66
55087449500013, 69
55087449500014, 69
55087482500001, 90
55087487750001, 2
55087569250001, 90
55087569250002, 90
55087573750001, 75
55087600000001, 75
55087600000002, 75
55087600000003, 75
55087600000004, 75
55087600000005, 75
55087600000006, 75
55087604000001, 75
55087604000002, 75
55087727250001, 67
55087727250002, 75
55087727250003, 75
55087727250004, 32
55087727250005, 75
55087727250006, 75
55087727500001, 75
55087727500002, 75
55087736250001, 75
55087824000001, 75
55087824000002, 57
55087824000003, 9
55087891500004, 31
55089054500006, 24
55089061500001, 73
55089061500002, 73
55089061500003, 73
55089061750001, 73
55089061750002, 73
55089061750003, 73
55089133750001, 73
55089133750002, 46
55089133750003, 46
55089133750004, 73
55089133750005, 73
55089133750006, 22
55089133750007, 46
55089133750008, 24
55089134000001, 2
55089134000002, 46
55089134000003, 31
55089134000004, 73
55089134000005, 46
55089134000006, 46
55089134000007, 46
55089134000008, 46
55089134000009, 73
55089134000010, 46
55089275500001, 73
55089275500002, 73
55089275500003, 0
55089275750001, 1
55089275750002, 73
55089275750003, 73
55089275750004, 73
55089300000001, 73
55089300000002, 73
55089300000003, 73
55089300000004, 73
55089300000005, 1
55089300000006, 73
55089300000007, 73
55089300000008, 73
55089300000009, 73
55089300000010, 73
55089300000011, 73
55089300000012, 73
55089300000013, 62
55089300000014, 85
55089300250001, 26
55089300250002, 73
55089300250003, 53
55089300250004, 33
55089300250005, 73
55089511500001, 24
55089511500002, 46
55089511500003, 24
55089511500004, 24
55089511500005, 76
55089511500006, 76
55089511500008, 76
55089511500009, 76
55089511500010, 76
55089511500011, 24
55089511500012, 24
55089511500013, 76
55089511500014, 76
55089511500015, 24
55089511500016, 76
55089511500017, 24
55089511500018, 24
55089511500019, 24
55089511500020, 24
55089511500021, 24
5508951150007A, 76
5508951150007B, 76
55089564500003, 46
55089644500001, 1
55089644500002, 73
55089644500003, 73
55089644500004, 73
55089644500005, 73
55089644500006, 73
55089644500007, 2
55089644750001, 73
55089644750002, 64
55089717000001, 73
55089717000002, 73
55089717000003, 73
55089717000004, 73
55089717000005, 78
55089717000006, 73
55089717000007, 73
55089717250001, 46
55089717250002, 27
55089717250003, 73
55089794750001, 24
55089794750002, 24
55089794750003, 24
55089794750004, 76
55091008000001, 51
55091212250001, 51
55091212250002, 51
55091212250003, 51
55091212500001, 51
55091212500002, 51
55091271750001, 51
55091440750001, 51
55091440750002, 51
55091619250001, 51
55091619250002, 51
55091619500001, 51
55091619500002, 51
55091774750001, 51
55091775000001, 51
55091840250001, 51
55091840250002, 51
55091841000001, 51
55093053250001, 90
55093155750001, 19
55093155750002, 19
55093155750003, 19
55093201500001, 19
55093235250001, 50
55093235250002, 19
55093235250003, 19
55093235250004, 19
55093235500001, 51
55093235500002, 2
55093237000001, 51
55093237750001, 51
55093291500001, 51
55093330500001, 51
55093373500001, 51
55093481750001, 51
55093482000001, 51
55093497750001, 51
55093497750002, 51
55093590250001, 19
55093590250002, 19
55093590250003, 19
55093636000001, 51
55093653750001, 19
55093653750002, 19
55093653750003, 19
55093653750004, 19
55093653750005, 19
55093653750006, 19
55093682750005, 51
55093682750006, 51
55093682750007, 19
55093682750008, 19
55093682750009, 51
55093682750010, 56
55093682750011, 51
55093682750012, 19
55093682750013, 51
55093682750014, 51
55093683000001, 51
55093683000002, 51
55093683000003, 19
55093687750001, 51
55093711500001, 51
55093761000001, 51
55093761000002, 96
55093763000001, 51
55093805500001, 19
55093805500002, 19
55093807000001, 19
55093807000002, 19
55093816000001, 51
55095009500001, 44
55095009500002, 44
55095009500003, 44
55095009500004, 44
55095017250001, 84
55095017250002, 88
55095017250003, 44
55095017250004, 44
55095017250005, 32
55095023500001, 44
55095023500002, 44
55095044750001, 44
55095044750002, 44
55095045000001, 44
55095045000002, 44
55095058250001, 32
5509505825002B, 32
55095077000001, 56
55095077000002, 32
55095087500001, 44
55095138500001, 44
55095148370001, 44
55095151000001, 32
55095151250001, 32
55095152500001, 10
55095152500002, 32
55095152750001, 32
55095208500001, 52
55095244500001, 44
55095244500002, 44
55095253500001, 44
55095253500002, 66
55095275000001, 83
55095275000002, 83
55095283500001, 44
55095283500002, 44
55095287250001, 44
55095287250002, 44
55095384000001, 44
55095419000001, 44
55095444750001, 44
55095444750002, 44
55095444750003, 44
55095444750004, 44
55095457750001, 44
55095462000001, 44
55095462000002, 44
55095462250001, 43
55095462250002, 44
55095469000001, 44
55095520750001, 44
55095521000001, 44
55095521000002, 44
55095604500001, 52
55095604500002, 0
55095604500003, 1
55095604750001, 2
55095604750002, 44
55095604750003, 52
55095604750004, 2
55095705500001, 44
55095705500002, 44
55095705500003, 44
55095705500004, 44
55095705750001, 22
55095705750002, 44
55095770500001, 44
5509581075002A, 32
5509581075002B, 32
55095863500001, 1
55097007250001, 55
55097014000001, 72
55097014250001, 13
55097017500001, 90
55097017750001, 45
55097017750002, 90
55097018000001, 90
55097064750001, 13
55097109250001, 58
55097109250002, 13
55097127250001, 78
55097127250002, 78
55097199750001, 78
55097224500001, 78
55097303500001, 13
55097303500002, 13
55097303500003, 13
55097303500004, 13
55097363500001, 78
55097363500002, 78
55097363500003, 78
55097363500004, 78
55097363500005, 78
55097363500006, 58
55097363500007, 58
55097363500008, 58
55097386500001, 78
55097422250001, 13
55097422250002, 13
55097448000001, 59
55097448000002, 78
55097518750001, 78
55097560000001, 90
55097568500001, 58
55097613250001, 58
55097628250001, 13
55097628250002, 13
55097635250001, 58
55097635250002, 58
55097635250003, 58
55097635250004, 67
55097635250005, 58
55097635250006, 58
55097635250007, 58
55097635250008, 58
55097635250009, 58
55097635500001, 49
55097635500002, 1
55097635500003, 78
55097695750001, 55
55097728500001, 58
55097728500002, 58
55097728500003, 58
55097772000001, 58
55097772000002, 58
55097772000003, 58
55097772000004, 58
55097772000005, 58
55097772000006, 58
55097772000007, 58
55097772000008, 58
55097772000009, 58
55097772000010, 58
55097772000011, 58
55097772000012, 58
55097772000013, 58
55097772000014, 58
55097772000015, 58
55097772000016, 58
55097772000017, 58
55097772000018, 58
55097772000019, 58
55097772000020, 58
55097772000021, 58
55097772000022, 58
55097772000023, 58
55097772000024, 78
55097772000025, 58
55097772000026, 58
55097772000027, 58
55097772000028, 58
55097772000029, 58
55097772000030, 58
55097772000031, 58
55097772000032, 78
55097772000033, 58
55097775370001, 58
55097775370002, 58
55097775370003, 58
55097775370004, 58
55097775370005, 58
55097869750001, 58
55097869750002, 58
55097869750003, 58
55097869750004, 58
55099131750001, 83
55099132000001, 83
55099229500001, 43
55099229500002, 43
55099232000001, 43
55099232000002, 0
55099239750001, 43
55099257750001, 43
55099257750002, 43
55099260500001, 43
55099287500001, 43
55099319250001, 43
55099326750001, 43
55099347250001, 83
55099391750001, 83
55099392000001, 83
55099401750001, 41
55099411500001, 43
55099411500002, 43
55099595250001, 83
55099612000001, 43
55099612000002, 43
55099612000003, 43
55099612000004, 43
55099612000005, 43
55099612000006, 43
55099612000007, 43
55099624500001, 43
55099624500002, 43
55099624500003, 43
55099624500004, 1
55099653250001, 83
55099653500001, 52
55099755250001, 41
55099891000001, 43
55099891000002, 0
55099891000003, 43
55101112000001, 36
55101112000002, 36
55101112000003, 36
55101112000004, 36
55101112000005, 36
55101112000006, 36
55101112000007, 2
55101112000008, 36
55101112250001, 36
55101112250002, 36
55101112250003, 36
55101112250004, 36
55101112250005, 28
55101112250006, 28
55101112250007, 1
55101112250008, 36
55101112250009, 36
55101112250010, 36
55101112250011, 71
55101119500001, 33
55101119500002, 33
55101119500003, 33
55101119500003B, 33
55101119500004, 33
55101119500005, 33
55101119500006, 30
55101119500007, 30
55101119500008, 30
55101119500009, 33
55101119500010, 33
55101119500011, 33
55101119500012, 33
55101119500013, 33
55101119500014, 33
55101119500015, 33
55101119500016, 33
55101119500017, 33
55101119500018, 33
55101119500019, 33
55101119500020, 30
55101206250001, 28
55101206250002, 28
55101206250003, 28
55101206250004, 28
55101206250005, 28
55101206250006, 28
55101206250007, 74
55101206250008, 28
55101237250001, 30
55101548750001, 44
55101548750002, 30
55101548750003, 30
55101548750004, 0
55101548750005, 31
55101548750006, 30
55101548750007, 30
55101548750008, 30
55101548750009, 30
55101548750010, 30
55101548750011, 30
55101548750012, 30
55101548750013, 30
55101548750014, 30
55101548750015, 30
55101548750016, 79
55101548750017, 30
55101548750018, 0
55101548750019, 39
55101548750020, 39
55101548750021, 39
55101548750022, 39
55101548750023, 39
55101577000001, 33
55101586000001, 34
55101586000002, 34
55101586000003, 34
55101586000004, 34
55101586000005, 34
55101586000006, 9
55101586000007, 9
55101586000008, 9
55101586000009, 34
55101586000010, 34
55101586000011, 34
55101660000001, 33
55101660000002, 39
55101660000003, 39
55101660000004, 39
55101660000005, 39
55101660000006, 39
55101660000007, 30
55101660000008, 33
55101660000009, 33
55101660000010, 33
55101660000011, 33
55101660000012, 33
55101660000013, 91
55101660000014, 39
55101660000015, 33
55101660000016, 33
55101660000017, 33
55101660000018, 39
55101660000019, 39
55101660000020, 30
55101660000021, 30
55101660000022, 39
55101660000023, 39
55101660000024, 30
55101660000025, 30
55101660000026, 39
55101660000027, 30
55101660000028, 30
55101660000029, 30
55101660000030, 32
55101660000031, 30
55101660000032, 30
55101660000033, 30
55101660000034, 33
55101660000035, 33
55101660000036, 1
55101663750001, 33
55101663750002, 33
55101663750003, 33
55101663750004, 33
55101663750005, 33
55101663750006, 33
55101685500001, 28
55101685500002, 28
55101685500003, 28
55101685500004, 28
55101685500005, 28
55101685500006, 28
55101779250001, 30
55101779250002, 30
55101779250003, 30
55101779250004, 30
55101779250005, 30
55101779250006, 30
55101779250007, 30
55101779250008, 30
55101817750001, 28
55101817750002, 28
55101817750003, 28
55101817750004, 28
55101817750005, 28
55101817750006, 76
55101817750007, 28
55101838250001, 34
55101838250002, 34
55101838250003, 34
55101838250004, 34
55101838250005, 34
55101838250006, 34
55101838250007, 34
55101838500001, 34
55101838500002, 34
55101838500003, 34
55101838500004, 34
55101838500005, 28
55101838500006, 34
55101838500007, 34
55101838500008, 34
55101838500009, 34
55101838500010, 34
55101877000001, 33
55101877000002, 33
55101877000003, 33
55101895750001, 33
55101895750002, 33
55101895750003, 33
55101895750004, 2
55101895750005, 33
55103006750001, 81
55103081750001, 6
55103086000001, 81
55103109500001, 81
55103109500002, 81
55103109500003, 81
55103109500004, 81
55103133000001, 6
55103190000001, 81
55103214000001, 81
55103264750001, 6
55103339250001, 6
55103375000001, 81
55103455750001, 81
55103496000001, 81
55103496000002, 81
55103603500001, 81
55103675750001, 81
55103675750002, 81
55103675750003, 81
55103675750004, 81
55103676250001, 98
55103676250002, 81
55103676250003, 81
55103676250004, 81
55103676250005, 81
55103676250006, 81
55103676250007, 81
55103676250008, 81
55103676250009, 81
55103676250010, 97
55103676250011, 81
55103676250012, 81
55103677750001, 81
55103677750002, 81
55103686750001, 81
55103686750002, 81
55103686750003, 81
55103788250002, 81
5510378825001A, 81
55103829000001, 6
55103856750001, 6
55103872500001, 81
55103896250001, 6
55105041000001, 7
55105065000001, 37
55105065000002, 7
55105065000003, 7
55105065000004, 7
55105065000005, 7
55105065000006, 7
55105065000007, 7
55105065000008, 7
55105065000009, 7
55105065000010, 7
55105065000011, 7
55105065000012, 7
55105065000013, 7
55105065000014, 7
55105065000015, 7
55105065000016, 52
55105065000017, 7
55105065000018, 7
55105065000019, 7
55105065000020, 88
55105065000021, 7
55105065000022, 11
55105065000023, 93
55105065000024, 7
55105065000025, 7
55105065250001, 88
55105065250002, 7
55105065250003, 50
55105065250004, 88
55105065250005, 88
55105065250006, 88
55105065250007, 88
55105065250008, 88
55105065250009, 88
55105065250010, 88
55105065250011, 88
55105091750001, 7
55105091750002, 7
55105099250007, 7
55105099250008, 61
55105136250001, 61
55105136250002, 61
55105156250001, 7
55105156250002, 7
55105156250003, 7
55105156500001, 7
55105225750001, 70
55105225750002, 70
55105225750003, 70
55105225750004, 61
55105225750005, 53
55105225750006, 70
55105245500001, 61
55105245500002, 61
55105245500003, 61
55105245500004, 61
55105245500005, 61
55105245500006, 61
55105245500007, 61
55105245500008, 61
55105264000001, 61
55105280750001, 70
55105280750002, 61
55105280750003, 0
55105280750004, 70
55105280750005, 70
55105280750006, 70
55105327000001, 70
55105327000002, 70
55105327000003, 70
55105327000004, 70
55105327000005, 70
55105327000006, 70
55105378250001, 61
55105378250002, 61
55105378250003, 88
55105378250004, 88
55105378250005, 61
55105378250006, 88
55105378250007, 88
55105378250008, 88
55105378250009, 88
55105378250010, 88
55105378250011, 88
55105378250012, 88
55105378250013, 88
55105378250014, 88
55105378250015, 88
55105378250016, 92
55105378250017, 88
55105378250018, 88
55105378250019, 70
55105378250020, 46
55105378250021, 70
55105378250022, 70
55105378250023, 81
55105378250024, 88
55105378250025, 88
55105378250026, 1
55105378250027, 88
55105378250028, 88
55105378250029, 7
55105378500001, 61
55105378500002, 61
55105378500003, 70
55105378500004, 70
55105378500005, 61
55105378500006, 61
55105378500007, 18
55105378500008, 14
55105378500009, 1
55105378500009B, 61
55105384500001, 70
55105425750001, 7
55105425750002, 7
55105441250001, 70
55105441250002, 70
55105481500001, 61
55105522000001, 70
55105522000002, 70
55105522000003, 70
55105522000004, 70
55105522000005, 70
55105522000006, 70
55105522000007, 70
55105522000008, 70
55105522250001, 88
55105522250002, 70
55105522250003, 70
55105522250004, 70
55105563250001, 61
55105563250002, 7
55105563250003, 7
55105602500001, 61
55105602500002, 61
55105636750001, 61
55105636750002, 61
55105642250001, 61
55105686000001, 61
55105686000002, 88
55105686000003, 88
55105686000004, 88
55105686000005, 2
55105686000006, 88
55105763250001, 61
55105810500001, 7
55105810500002, 50
55105810500003, 7
55105810500004, 2
55105816500001, 93
55105816500002, 61
55105816500003, 61
55105816500004, 2
55107036000001, 83
55107036000002, 83
55107071750001, 83
55107071750002, 83
55107072250001, 83
55107105000001, 83
55107135500001, 43
55107167750001, 83
55107200000001, 83
55107261000001, 83
55107261000002, 83
55107261000003, 83
55107294750001, 83
55107303750001, 83
55107303750002, 83
55107303750003, 83
55107303750004, 83
55107303750005, 83
55107317750001, 83
55107332750001, 83
55107333000001, 83
55107361250001, 83
55107369250001, 43
55107408500001, 83
55107408500002, 79
55107408500003, 83
55107408500004, 83
55107408500005, 0
55107408500006, 83
55107408500007, 83
55107408500008, 83
55107408500009, 83
55107408500010, 83
55107408500011, 83
55107408500012, 83
55107408500013, 83
55107408500014, 83
55107408500015, 83
55107429500001, 83
55107429500002, 83
55107496250001, 83
55107496250002, 83
55107551750001, 83
55107676000001, 43
55107676000002, 43
55107702750001, 83
55107731750001, 83
55107749750001, 43
55107777750001, 83
55107777750002, 83
55107778500001, 83
55107778500002, 83
55107795750001, 83
55107795750002, 83
55107795750003, 83
55107795750004, 83
55107795750005, 83
55107802250001, 83
55107809500001, 83
55107836750001, 83
55107864500001, 83
55107864500002, 83
55107871250001, 83
55107871750001, 83
55107874500001, 83
55109044000001, 51
55109044000002, 51
55109044000003, 51
55109044000004, 51
55109044000005, 51
55109044000006, 51
55109044250001, 32
55109044250002, 0
55109117750001, 0
55109183000001, 32
55109193250001, 32
55109224000001, 23
55109224000002, 51
55109239250001, 32
55109242750001, 32
55109265250001, 32
55109296000001, 32
55109296250001, 32
55109296250002, 32
55109323250001, 2
55109323250002, 2
55109323250003, 2
55109323250004, 2
55109323500001, 32
55109323500002, 32
55109323500003, 95
55109362500001, 19
55109362500002, 19
55109362500003, 19
55109362500004, 19
55109362500005, 19
55109362500006, 19
55109362500007, 19
55109362500008, 19
55109362500009, 19
55109362500010, 19
55109362500011, 19
55109362500012, 19
55109362750001, 19
55109362750002, 19
55109362750003, 19
55109362750004, 19
55109362750005, 19
55109362750006, 19
55109362750007, 19
55109362750008, 19
55109362750009, 19
55109362750010, 19
55109362750011, 19
55109362750012, 19
55109362750013, 0
55109362750014, 19
55109398250001, 51
55109398250002, 51
55109398250003, 51
55109571000001, 32
55109571000002, 32
55109571000003, 25
55109571000004, 32
55109571000005, 32
55109571000006, 32
55109571000007, 32
55109571000008, 32
55109571000009, 32
55109571000010, 32
55109571000011, 32
55109571000012, 40
55109580500001, 19
55109580500002, 19
55109580500003, 19
55109580500004, 19
55109580500005, 19
55109580500006, 19
55109634250001, 51
55109676500001, 7
55109676500002, 1
55109676500003, 32
55109676500004, 32
55109676500005, 32
55109682750001, 19
55109682750002, 19
55109682750003, 19
55109682750004, 51
55109684750001, 19
55109684750002, 19
55109684750003, 19
55109684750004, 19
55109702000001, 51
55109708250001, 44
55109708250002, 44
55109708250003, 44
55109708250004, 19
55109708250005, 19
55109708250006, 44
55109746750001, 44
55109746750002, 44
55109746750003, 44
55109746750004, 2
55109747000001, 44
55109747000002, 58
55109747000003, 44
55109747000004, 44
55109747000005, 44
55109747000006, 44
55109759500001, 32
55109763000003, 51
55109766750001, 2
55109768250001, 44
55109768500001, 44
55109768500002, 44
55109768500003, 44
55109768500004, 44
55109768500005, 54
55109768500006, 63
55109808000001, 19
55109808000002, 19
55109808000003, 19
55109808000004, 19
55109808000005, 19
55109808000006, 19
55109808000007, 19
55109834000001, 32
55109834000002, 19
55109834000003, 19
55109874750001, 32
55109890250001, 74
55109890250002, 74
55111046250001, 68
55111046250002, 68
55111046250003, 68
55111046250004, 68
55111046250005, 68
55111046250006, 78
55111046250007, 68
55111046250008, 68
55111046250009, 68
55111046250010, 2
55111046250011, 68
55111046250012, 49
55111046250013, 68
55111046250014, 68
55111046500001, 0
55111046500002, 66
55111046500003, 68
55111046500004, 68
55111056000001, 81
55111133000002, 6
55111195500001, 21
55111195500002, 21
55111196750001, 27
55111196750002, 68
55111196750003, 21
55111196750004, 81
55111246750001, 81
55111246750002, 21
55111246750003, 81
55111249000001, 68
55111249000002, 68
55111273500001, 81
55111273500002, 81
55111273500003, 81
55111276750001, 68
55111276750002, 81
55111312500001, 68
55111356250001, 81
55111372250001, 6
55111372500001, 6
55111413000001, 68
55111413000002, 68
55111413000003, 68
55111428250001, 6
55111428500001, 6
55111428500002, 63
55111428500003, 6
55111442250001, 81
55111454000001, 81
55111513250001, 48
55111513500001, 68
55111580250001, 68
55111631250001, 81
55111651000001, 27
55111651000002, 27
55111651000003, 27
55111651000004, 27
55111651250001, 68
55111651250002, 68
55111668000001, 52
55111668000002, 85
55111668000003, 88
55111668000004, 21
55111668000005, 21
55111668000006, 21
55111668000007, 21
55111668000008, 21
55111668000009, 87
55111668000010, 37
55111668000011, 21
55111668000012, 21
55111668000013, 81
55111668000014, 21
55111668250001, 91
55111668250002, 81
55111668250003, 83
55111689750001, 81
55111716500001, 27
55111716500002, 27
55111716500003, 27
55111716500004, 27
55111716500005, 68
55111760250001, 81
55111760250002, 81
55111760500001, 81
55111760500002, 81
55111760500003, 81
55111760500004, 81
55111785250001, 68
55111785250002, 68
55111785250003, 68
55111808250001, 81
55111837000001, 81
55111837000002, 81
55111853250001, 68
55111853250002, 97
55111856250001, 81
55111877750001, 21
55111877750002, 21
55111881500004, 68
55111881500008, 0
55111887750001, 6
55113052000001, 50
55113052000002, 50
55113052000003, 50
55113052000004, 50
55113052000005, 50
55113172250001, 83
55113172500001, 83
55113208250001, 43
55113226250001, 83
55113226250002, 83
55113247000001, 83
55113334500001, 50
55113334500002, 67
55113334500003, 50
55113334500004, 8
55113334500005, 50
55113334500006, 50
55113334750001, 67
55113334750002, 50
55113334750003, 50
55113334750004, 50
55113334750005, 50
55113334750006, 50
55113334750007, 30
55113334750008, 83
55113364500001, 43
55113434000001, 67
55113434000002, 50
55113503000001, 83
55113514250001, 83
55113596000001, 43
55113596000002, 43
55113660500001, 83
55113660750001, 2
55113660750002, 83
55113697500001, 49
55113697500002, 43
55113715000001, 50
55113754500001, 50
55113851000001, 83
55113879750001, 43
55113880000001, 43
55113880000002, 43
55115013750001, 55
55115019750001, 75
55115019750002, 75
55115019750003, 2
55115020750001, 55
55115021000001, 55
55115050000001, 55
55115062750001, 55
55115062750002, 55
55115062750003, 55
55115076000001, 55
55115076250001, 55
55115087250001, 75
55115087250002, 75
55115090250001, 55
55115133250001, 77
55115229750001, 55
55115247750001, 55
55115288250001, 55
55115288250002, 55
55115304000001, 55
55115304000002, 55
55115315000001, 24
55115315000002, 77
55115316750001, 69
55115330750001, 75
55115340250001, 55
55115340250002, 55
55115367000001, 77
55115436750001, 90
55115436750002, 90
55115489000001, 75
55115494000004, 55
55115494000005, 55
55115494000006, 55
55115500000001, 77
55115542500001, 55
55115556750001, 90
55115617000001, 55
55115656750004, 75
55115656750007, 15
55115667500001, 77
55115667500002, 77
55115676750001, 55
55115676750002, 55
55115676750003, 55
55115725500001, 55
55115729250001, 55
55115729250002, 55
55115729250003, 55
55115729250004, 55
55115729250005, 55
55115729250006, 55
55115729250007, 55
55115729250008, 55
55115729250009, 77
55115729250010, 1
55115729250011, 75
55115729250012, 75
55115798250001, 55
55115837250001, 77
55115837250002, 77
55115837250003, 77
55115842250001, 75
55115842250002, 75
55115852750001, 77
55115852750002, 77
55115852750003, 77
55115852750004, 77
55115883250001, 55
55115883250002, 55
55115883500001, 55
55115883500002, 55
55117004500001, 73
55117128250001, 73
55117134750001, 73
55117134750002, 73
55117134750003, 73
55117232750001, 38
55117232750002, 38
55117293500001, 38
55117311000001, 38
55117311000002, 38
55117311000003, 38
55117340500001, 38
55117340500002, 38
55117340500003, 38
55117353750001, 73
55117353750002, 73
55117353750003, 73
55117360250001, 38
55117360250002, 38
55117360250003, 38
55117360250004, 38
55117402750001, 29
55117402750002, 29
55117402750003, 38
55117441500001, 73
55117441500002, 73
55117441500003, 98
55117441500004, 73
55117465750001, 73
55117465750002, 2
55117465750003, 73
55117533750001, 38
55117533750002, 38
55117544750001, 29
55117601000001, 73
55117601000002, 73
55117601000003, 73
55117601000004, 73
55117637000001, 74
55117637000002, 38
55117637000003, 38
55117637000004, 38
55117637000005, 38
55117637000006, 38
55117637000007, 38
55117637000008, 73
55117637000009, 38
55117637000010, 38
55117637000011, 38
55117637000012, 39
55117637250001, 38
55117637250002, 38
55117637250003, 48
55117637250004, 38
55117662000001, 73
55117662000002, 73
55117671500001, 38
55117671500002, 38
55117671500003, 38
55117703500001, 38
55117723500001, 47
55117723500002, 47
55117723500003, 47
55117729750001, 29
55117729750002, 29
55117729750003, 29
55117729750004, 29
55117729750005, 29
55117729750006, 29
55117729750007, 29
55117729750008, 29
55117729750009, 29
55117729750010, 29
55117729750011, 29
55117729750012, 29
55117729750013, 29
55117729750014, 29
55117729750015, 51
55117729750016, 29
55117729750017, 15
55117729750018, 29
55117729750019, 29
55117729750019B, 29
55117729750020, 29
55117729750021, 29
55117729750022, 29
55117729750022B, 29
55117729750023, 0
55117729750024, 29
55117729750025, 29
55117729750026, 2
55117730000001, 0
55117730000002, 29
55117730000003, 29
55117730000004, 29
55117730000005, 29
55117730000006, 29
55117730000007, 38
55117730000008, 29
55117730000009, 12
55117730000010, 2
55117730250001, 38
55117730250002, 38
55117730250002B, 77
55117730250003, 38
55117730250003B, 38
55117730250004, 29
55117730250005, 29
55117730250006, 38
55117730250007, 38
55117730250008, 38
55117730250009, 38
55117730250009B, 93
55117730500001, 1
55117730500002, 38
55117730500003, 38
55117734250001, 73
55117734250002, 73
55117831000001, 73
55117875000001, 73
55117875000002, 73
55117875000003, 1
55117875000004, 1
55119039000001, 83
55119104000001, 3
55119142000001, 83
55119154500001, 83
55119192250001, 3
55119264250001, 83
55119291750001, 83
55119298370001, 3
55119316000001, 3
55119317500001, 83
55119323000001, 83
55119323000002, 83
55119355250001, 83
55119386270001, 83
55119449000001, 3
55119449000002, 26
55119461500001, 83
55119469250001, 83
55119489250001, 83
55119504250001, 0
55119504250002, 57
55119504250003, 59
55119504250004, 0
55119504250005, 93
55119504250006, 93
55119504250007, 93
55119504250008, 47
55119504500005, 1
55119504500006, 83
55119504500007, 2
55119535500001, 83
55119621000001, 83
55119672750001, 83
55119673000001, 83
55119673000002, 1
55119694000001, 83
55119771000001, 3
55119789500001, 83
55119854500001, 83
55121009250001, 42
55121009250002, 42
55121025000001, 42
55121025000002, 42
55121025000003, 42
55121025250001, 42
55121025250002, 42
55121025250003, 42
55121025250004, 42
55121080750001, 42
55121080750002, 42
55121080750003, 57
55121113250001, 0
55121113250002, 42
55121119750001, 42
55121119750002, 42
55121145250001, 42
55121203000001, 42
55121231750001, 42
55121244000001, 42
55121244250001, 42
55121244250002, 70
55121281500001, 2
55121281500002, 87
55121281500003, 0
55121282000001, 41
55121282000002, 2
55121282000003, 2
55121320500001, 42
55121368000001, 42
55121368000002, 42
55121368000003, 0
55121445000001, 63
55121445000002, 42
55121605750001, 42
55121605750002, 42
55121605750003, 42
55121626500001, 42
55121626500002, 42
55121626750001, 42
55121655000001, 75
55121655000002, 42
55121655000003, 42
55121778250001, 42
55121778250002, 42
55121785000001, 42
55121804750001, 42
55121804750002, 70
55121805000001, 42
55121805000002, 97
55121818750001, 42
55121818750002, 42
55121867250001, 42
55121867250002, 42
55121867250003, 42
55123069000001, 6
55123069000002, 6
55123069000003, 6
55123141500001, 35
55123146750001, 6
55123146750002, 6
55123156750001, 6
55123156750002, 6
55123168750001, 6
55123168750002, 6
55123169000001, 6
55123198500001, 81
55123265500001, 6
55123274000001, 81
55123274000002, 81
55123286250001, 6
55123286500001, 6
55123286500002, 6
55123316250001, 6
55123322250001, 6
55123322250002, 6
55123327250001, 6
55123327250002, 6
55123327250003, 6
55123348250001, 12
55123348250002, 6
55123348250003, 6
55123348250004, 6
55123348500001, 6
55123348500002, 6
55123348500003, 6
55123379750001, 6
55123379750002, 6
55123379750003, 6
55123379750004, 6
55123394750001, 81
55123408750001, 6
55123439000001, 6
55123600750001, 6
55123664500001, 81
55123767250001, 6
55123767250002, 6
55123770750001, 81
55123775500001, 6
55123816750001, 6
55123816750002, 6
55123816750003, 6
55123829000001, 6
55123829250001, 6
55123829250002, 6
55123829250003, 6
55123829250004, 6
55123829250005, 6
55123829250006, 6
55123829250007, 6
55123829250008, 6
55123829250009, 6
55123829500001, 32
55123829500002, 6
55123829500003, 40
55123829500004, 35
55123850500001, 6
55123850500002, 6
55123854750001, 6
55123854750002, 6
55123854750003, 6
55123854750004, 6
55123854750005, 6
55123865250001, 81
55123869000001, 6
55125024500001, 43
55125024500002, 43
55125024500003, 43
55125024500004, 43
55125024500005, 43
55125024500006, 43
55125024500007, 43
55125089500001, 43
55125089500002, 43
55125158500001, 43
55125158500002, 43
55125167500001, 43
55125167500002, 43
55125216250001, 92
55125216250002, 69
55125216250003, 92
55125216250004, 43
55125216250005, 92
55125406870001, 43
55125406870002, 43
55125406870003, 43
55125406870004, 43
55125406870005, 43
55125406870006, 43
55125406870007, 43
55125423250001, 43
55125445250001, 92
55125445250002, 92
55125445250003, 92
55125445250004, 92
55125445250005, 2
55125484620001, 43
55125624250001, 43
55125624250002, 43
55125636250001, 43
55125636250002, 43
55125654250001, 43
55125707250001, 43
55125707250002, 43
55125837500001, 92
55125837500002, 92
55125837500003, 92
55125876000001, 43
55127082750001, 36
55127082750002, 36
55127082750003, 36
55127082750004, 2
55127082750005, 36
55127082750006, 36
55127082750007, 0
55127082750008, 36
55127112000009, 28
55127188250001, 81
55127188250002, 7
55127188500001, 7
55127188500002, 7
55127188500003, 28
55127194500001, 28
55127194500002, 28
55127194500003, 28
55127194500004, 28
55127194500005, 28
55127194500006, 28
55127194500007, 28
55127194500008, 28
55127194500009, 28
55127194500010, 28
55127194500011, 28
55127194500012, 28
55127194500013, 28
55127194500014, 28
55127194750001, 28
55127194750002, 28
55127194750003, 28
55127194750004, 11
55127194750005, 28
55127194750006, 28
55127194750007, 28
55127194750008, 28
55127194750009, 28
55127194750010, 28
55127194750011, 36
55127221000001, 28
55127221000002, 28
55127221000003, 28
55127221000004, 28
55127221000005, 28
55127221250001, 28
55127221250002, 64
55127221250003, 28
55127221250004, 34
55127221250005, 63
55127221250006, 2
55127233000001, 28
55127233000002, 1
55127233000003, 28
55127233000004, 28
55127233000005, 28
55127233000006, 28
55127233000007, 28
55127233000008, 28
55127263500001, 36
55127263500002, 36
55127263500003, 36
55127285500001, 36
55127285500002, 36
55127285500003, 34
55127285500004, 36
55127285500005, 36
55127285500006, 36
55127285500007, 36
55127285500008, 2
55127286750001, 36
55127286750002, 36
55127286750003, 36
55127286750004, 21
55127409500001, 28
55127409500002, 28
55127409500003, 28
55127410500001, 7
55127410500002, 28
55127410500003, 26
55127414500001, 36
55127414500002, 93
55127414500003, 36
55127414500004, 36
55127414500005, 36
55127414500006, 36
55127414500007, 36
55127414500008, 36
55127414500009, 16
55127414500010, 36
55127447500001, 66
55127447500002, 36
55127447500003, 82
55127447500004, 36
55127447500005, 36
55127447500006, 36
55127467250001, 36
55127467250002, 36
55127467250003, 36
55127467250004, 36
55127467250005, 31
55127467250006, 1
55127467250007, 36
55127550500011, 0
55127677250001, 70
55127677250002, 7
55127677250003, 7
55127728750001, 7
55127728750002, 7
55127729000001, 7
55127761750001, 28
55127761750002, 28
55127761750003, 28
55127761750004, 28
55127781000001, 28
55127781000002, 28
55127781000003, 28
55127781000004, 28
55127781000005, 2
55127808750001, 28
55127808750002, 28
55127808750003, 28
55127832500001, 36
55127832500002, 36
55127832500003, 36
55127832750001, 50
55127832750002, 55
55127832750003, 28
55127869250001, 14
55127869250002, 7
55127869250003, 7
55127869250004, 7
55127869250005, 7
55127869250006, 7
55127869250007, 7
55127869250008, 7
55127869250009, 7
55127869500001, 7
55127869500002, 7
55127869500003, 2
55127872000001, 36
55127872000002, 36
55127872000003, 36
55127872000004, 36
55129049500001, 44
55129051250001, 44
55129051250002, 44
55129051250003, 44
55129052250001, 50
55129058750001, 50
55129058750002, 44
55129058750003, 50
55129075500001, 50
55129075750001, 50
55129075750002, 50
55129075750003, 50
55129101500001, 50
55129129250001, 50
55129144250001, 50
55129144250002, 50
55129178500001, 50
55129178500002, 50
55129246000001, 50
55129246000002, 50
55129280250001, 67
55129318250001, 50
55129456500001, 50
55129470250001, 50
55129470250002, 50
55129470250003, 50
55129532500001, 50
55129532750001, 67
55129532750002, 50
55129716370001, 44
55129716370002, 44
55129732000001, 44
55129732000002, 44
55129756250001, 50
55129756250002, 50
55129756250003, 50
55129756250004, 50
55129756500001, 50
55129756500002, 50
55129756500003, 50
55129758000001, 50
55129773500001, 50
55129776500001, 50
55129804500001, 50
55129804500002, 50
55131004250001, 47
55131004250002, 47
55131004250003, 47
55131004250004, 47
55131004250005, 47
55131004250006, 47
55131050500001, 47
55131050500002, 46
55131050500003, 46
55131050500004, 47
55131242250001, 48
55131242250002, 48
55131242250003, 48
55131242250004, 48
55131253750001, 46
55131253750002, 46
55131253750003, 46
55131253750004, 46
55131253750005, 46
55131288750001, 76
55131288750002, 76
55131288750003, 26
55131288750004, 26
55131288750005, 26
55131288750006, 26
55131288750007, 26
55131288750008, 26
55131288750009, 26
55131288750010, 76
55131288750011, 72
55131288750012, 72
55131288750013, 26
55131288750014, 26
55131288750015, 26
55131288750016, 26
55131288750017, 26
55131289000001, 95
55131330000001, 47
55131330000002, 47
55131330000003, 47
55131330000004, 47
55131330000005, 47
55131330000006, 47
55131330000007, 47
55131330000008, 48
55131330000009, 47
55131330000010, 48
55131330000011, 48
55131330000012, 48
55131330000013, 47
55131330000014, 10
55131330000015, 48
55131330000016, 47
55131330000017, 48
55131330250001, 82
55131330250002, 48
55131330250003, 47
55131330250004, 96
55131330250005, 76
55131376750001, 76
55131376750002, 76
55131376750003, 76
55131376750004, 76
55131376750005, 76
55131376750006, 76
55131376750007, 76
55131376750008, 93
55131376750009, 76
55131377000001, 76
55131377000002, 76
55131377000003, 76
55131377000004, 76
55131377000005, 76
55131377000006, 76
55131393000001, 46
55131393000002, 46
55131393000003, 46
55131393000004, 46
55131393000005, 46
55131393250001, 47
55131393250002, 46
55131564500001, 46
55131564500002, 46
55131638750001, 76
55131638750002, 76
55131638750003, 76
55131638750004, 75
55131638750005, 76
55131638750006, 76
55131674750001, 48
55131674750002, 26
55131674750003, 48
55131674750004, 48
55131674750005, 76
55131674750006, 76
55131674750007, 26
55131674750008, 26
55131674750009, 26
55131744000001, 76
55131744000002, 37
55131744000003, 76
55131744000004, 76
55131744000005, 76
55131744000006, 76
55131744000007, 76
55131744000008, 76
55131805750001, 46
55131805750002, 46
55131805750003, 46
55131805750004, 46
55131805750005, 46
55131805750006, 46
55131805750007, 76
55131805750008, 76
55131849000001, 47
55131849000002, 47
55131849000003, 47
55131853500001, 46
55131853500002, 46
55131853500003, 47
55131853500004, 46
55131853500005, 46
55131853500006, 46
55131853500007, 46
55131853500008, 46
55131853500009, 46
55131853500010, 46
55131853500011, 46
55131853500012, 46
55131853500013, 46
55131853500014, 46
55131853500015, 46
55131853500016, 46
55131853500017, 46
55131853500018, 46
55131853500019, 46
55131853500020, 46
55131853500021, 46
55131853500022, 46
55131853500023, 47
55131853500024, 47
55131853500025, 76
55131853750001, 47
55131853750002, 47
55131853750003, 47
55131853750004, 47
55131853750005, 46
55131853750006, 47
55131853750007, 47
55131853750008, 60
55131853750009, 46
55131853750010, 81
55133072000001, 34
55133072000002, 68
55133072000003, 34
55133100250001, 89
55133100250002, 89
55133100250003, 89
55133100250004, 74
55133100250005, 74
55133100250006, 89
55133100250007, 89
55133100250008, 89
55133100250009, 89
55133100250010, 74
55133100250011, 74
55133100250012, 74
55133100250013, 74
55133100250014, 74
55133100250015, 74
55133100250016, 74
55133100250017, 74
55133100250018, 74
55133100250019, 74
55133100250020, 74
55133100250021, 74
55133100250022, 74
55133100250023, 74
55133100250024, 59
55133100500001, 74
55133100500002, 0
55133100500003, 74
55133100500004, 74
55133100500005, 88
55133100500006, 74
55133100500007, 74
55133100500008, 74
55133100500009, 0
55133100500010, 15
55133114750001, 89
55133114750001B, 89
55133114750002, 89
55133114750003, 89
55133142250001, 26
55133194000001, 1
55133194000002, 37
55133194000003, 37
55133194000004, 37
55133194000005, 37
55133194000006, 37
55133194000007, 37
55133194000008, 37
55133194000009, 37
55133194000010, 37
55133194000011, 37
55133194000012, 37
55133194000013, 37
55133194000014, 37
55133194250001, 37
55133194250002, 37
55133194250003, 37
55133194250004, 37
55133194250005, 37
55133194250006, 37
55133194250007, 37
55133194250008, 37
55133194250009, 37
55133194250010, 37
55133194250011, 37
55133205500001, 80
55133205500001B, 38
55133205500002, 26
55133205500002B, 70
55133205500003, 20
55133214250001, 34
55133214250002, 34
55133214500001, 34
55133214500002, 34
55133214500003, 34
55133214500004, 34
55133235750001, 74
55133235750002, 74
55133235750003, 74
55133235750004, 74
55133235750005, 89
55133235750006, 89
55133235750007, 89
55133235750008, 89
55133284870001, 8
55133284870002, 8
55133284870003, 8
55133284870004, 8
55133284870005, 55
55133284870006, 8
55133284870007, 2
55133284870008, 8
55133284870009, 8
55133284870010, 8
55133331000001, 37
55133331000002, 37
55133331000003, 37
55133331000004, 37
55133331000005, 37
55133331000006, 37
55133331000007, 37
55133331000008, 37
55133331000009, 0
55133331000010, 26
55133331000011, 37
55133331000012, 93
55133407500001, 48
55133424500001, 26
55133424500002, 26
55133448500001, 26
55133448500002, 0
55133448500003, 1
55133448500004, 26
55133448500005, 26
55133448500006, 26
55133510000001, 26
55133510000002, 72
55133510000003, 26
55133510000004, 72
55133510000005, 72
55133510000006, 72
55133510000007, 72
55133510000008, 72
55133510000009, 72
55133510000010, 72
55133510000011, 72
55133510000012, 72
55133510000013, 72
55133510000014, 72
55133510000015, 72
55133510000016, 72
55133510000017, 72
55133510000018, 72
55133510000019, 89
55133510000020, 89
55133510000021, 89
55133510000022, 26
55133510000023, 26
55133513750001, 26
55133513750002, 26
55133513750003, 26
55133513750004, 26
55133514000001, 26
55133514000002, 26
55133514000003, 26
55133514000004, 26
55133514000005, 26
55133514000006, 37
55133514000007, 26
55133514000008, 26
55133514000009, 65
55133514000010, 37
55133550500001, 34
55133550500002, 34
55133550500003, 34
55133550500004, 34
55133550500005, 30
55133550500006, 34
55133550500007, 34
55133550500008, 34
55133550500009, 34
55133550500010, 34
55133550750001, 34
55133550750002, 34
55133550750003, 68
55133550750004, 34
55133550750004B, 34
55133550750005, 34
55133550750006, 34
55133550750007, 34
55133550750008, 34
55133550750009, 59
55133550750010, 34
55133550750011, 34
55133552750001, 9
55133552750002, 9
55133552750003, 9
55133552750004, 9
55133552750005, 9
55133552750006, 9
55133552750007, 9
55133552750008, 9
55133552750009, 34
55133552750010, 9
55133552750011, 9
55133552750012, 9
55133552750013, 34
55133552750014, 34
55133552750015, 2
55133552750016, 9
55133555500001, 37
55133555500002, 37
55133563750001, 74
55133563750002, 59
55133563750003, 59
55133563750004, 59
55133563750005, 59
55133563750006, 12
55133563750007, 9
55133563750008, 59
55133563750009, 59
55133563750010, 9
55133563750011, 9
55133563750012, 9
55133563750013, 9
55133563750014, 9
55133563750015, 9
55133563750016, 9
55133563750017, 9
55133563750018, 9
55133563750019, 9
55133563750020, 9
55133563750021, 9
55133563750022, 12
55133563750023, 12
55133563750024, 9
55133563750025, 59
55133563750026, 9
55133563750027, 9
55133584000001, 50
55133584000002, 2
55133584000003, 76
55133592500001, 48
55133592500002, 37
55133592500003, 37
55133592500004, 48
55133592500005, 48
55133592500006, 48
55133592500007, 37
55133592500008, 37
55133592500009, 37
55133592500010, 37
55133592500011, 37
55133592500012, 48
55133592750001, 48
55133592750002, 48
55133592750003, 93
55133592750004, 48
55133592750005, 37
55133592750006, 22
55133592750007, 37
55133592750008, 37
55133592750009, 37
55133592750010, 37
55133593000001, 37
55133607000001, 70
55133607000002, 37
55133607000003, 51
55133607000004, 2
55133607000005, 70
55133622400001, 74
55133622400002, 74
55133622400003, 37
55133622400004, 76
55133622400005, 37
55133622400006, 37
55133622400007, 1
55133622400008, 74
55133622400009, 74
55133622400010, 74
55133622500001, 37
55133622500002, 37
55133622500003, 37
55133622500004, 37
55133622500005, 37
55133622500006, 37
55133622500007, 37
55133622500008, 96
55133622500009, 37
55133622500010, 37
55133783750001, 0
55133783750002, 82
55133783750003, 37
55133783750004, 37
55133783750005, 37
55133783750006, 70
55133787500001, 26
55133787500002, 26
55133787500003, 26
55133787500004, 26
55133787500005, 26
55133787500006, 26
55133787500007, 44
55133787500008, 26
55133825750001, 34
55133825750002, 34
55133825750003, 34
55133825750004, 34
55133825750005, 34
55133825750006, 34
55133825750007, 34
55133825750008, 34
55133825750009, 34
55133825750010, 77
55133825750011, 80
55133831750001, 2
55133831750002, 8
55133831750003, 8
55133831750004, 8
55133842500001, 74
55133842500002, 74
55133842500003, 74
55133842500004, 8
55133842500005, 8
55133842500006, 74
55133842500007, 74
55133842500008, 74
55133842500009, 8
55133842500010, 8
55133842500011, 8
55133842500012, 8
55133842500013, 37
55133842500014, 8
55133842500015, 8
55133842500016, 8
55133842500017, 8
55133842500018, 8
55133842500019, 74
55133842500020, 9
55133842500021, 9
55133842500022, 8
55133842500023, 8
55133842500024, 8
55133842500025, 8
55133842500026, 8
55133842500027, 8
55133842500028, 8
55133842500029, 8
55133842500030, 34
55133842500031, 34
55133842500032, 8
55133842500033, 8
55133842500034, 8
55133842500035, 8
55133842500036, 8
55133842500037, 8
55133842500038, 8
55133842750001, 57
55133842750002, 8
55133842750002B, 8
55133842750003, 8
55133842750004, 14
55133842750005, 34
55133842750006, 34
55133842750006B, 34
55133842750007, 34
55133842750008, 40
55133842750009, 9
55133842750010, 9
55133842750011, 9
55133842750012, 13
55135056250001, 90
55135072500001, 90
55135120000001, 90
55135120000002, 90
55135157250001, 90
55135157250002, 90
55135157250003, 90
55135157250004, 90
55135157250005, 90
55135157250006, 90
55135157250007, 0
55135190250001, 13
55135190250002, 13
55135190250003, 13
55135190250004, 13
55135212000001, 90
55135212000002, 90
55135238500001, 55
55135254000001, 20
55135254000002, 90
55135254000003, 13
55135254000004, 64
55135254000005, 13
55135254000006, 90
55135278000001, 90
55135278500001, 90
55135278500002, 90
55135329250001, 90
55135338500001, 90
55135338500002, 90
55135370250001, 2
55135370250002, 2
55135370500001, 90
55135370500002, 72
55135426500001, 0
55135426500002, 90
55135430750001, 90
55135430750002, 90
55135430750003, 90
55135445750001, 90
55135445750002, 90
55135445750003, 90
55135453000001, 90
55135453000002, 90
55135453000003, 90
55135483500001, 90
55135483500002, 90
55135483500003, 2
55135494000001, 90
55135494000002, 90
55135494000003, 90
55135499750001, 36
55135550250001, 90
55135550250002, 90
55135550250003, 90
55135550250004, 90
55135550250005, 90
55135569250003, 90
55135569250004, 90
55135569250006, 90
55135569250007, 90
55135569250008, 90
55135569250009, 90
55135569250010, 90
55135569250011, 90
55135569250012, 90
55135594750001, 90
55135699000001, 90
55135699000002, 90
55135709000001, 90
55135709000002, 90
55135719750001, 90
55135720000001, 49
55135720000002, 90
55135817000001, 90
55135817000002, 90
55135843750001, 90
55135843750002, 90
55135843750003, 90
55135843750004, 90
55135843750005, 1
55135843750006, 90
55135843750007, 90
55135843750008, 90
55135843750009, 90
55135843750010, 90
55135843750011, 90
55135844000001, 90
55135844000002, 0
55135864000001, 60
55135864000002, 60
55135864000003, 80
55135864250001, 59
55135893750001, 90
55137039250001, 25
55137069250007, 25
55137083000001, 90
55137083000002, 90
55137163750001, 0
55137164000001, 21
55137184750001, 4
55137184750002, 13
55137193000001, 13
55137324500001, 48
55137324750001, 13
55137435000001, 25
55137435000002, 25
55137435000003, 25
55137454250001, 25
55137494250001, 25
55137494250002, 25
55137494250003, 25
55137494250004, 25
55137548250001, 25
55137548250002, 25
55137592250001, 13
55137631500001, 2
55137631750001, 13
55137649750001, 25
55137666250001, 25
55137666250002, 25
55137666250003, 25
55137675500001, 21
55137675500002, 13
55137694250001, 73
55137694250002, 13
55137718250001, 90
55137764000001, 13
55137764000002, 13
55137834250001, 66
55137846250001, 58
55137846250002, 0
55137846250003, 1
55137846500001, 13
55137846500002, 13
55137846500003, 13
55137870750001, 10
55139010250001, 17
55139010250002, 17
55139010250003, 17
55139010250004, 17
55139010250005, 17
55139010250006, 17
55139010250007, 17
55139010250008, 2
55139010250009, 40
55139010250010, 55
55139023750031, 53
55139023750032, 2
55139080000001, 2
55139080000002, 50
55139080000003, 14
55139151500001, 17
55139151500002, 17
55139151500003, 17
55139151500004, 17
55139151500005, 17
55139151500006, 17
55139151500007, 17
55139508250001, 96
55139508250001B, 17
55139508250002, 77
55139508250003, 96
55139508250004, 96
55139508250005, 96
55139508250005B, 96
55139508250006, 96
55139508250007, 96
55139508250008, 96
55139508250009, 96
55139508250010, 45
55139508250011, 96
55139508250012, 96
55139508250013, 72
55139508250014, 25
55139508250015, 81
55139508500001, 17
55139508500002, 17
55139508500003, 17
55139508500004, 17
55139508500005, 17
55139508500006, 17
55139508500007, 96
55139508500008, 96
55139508500009, 2
55139508500010, 96
55139508500011, 0
55139508500012, 80
55139508500013, 31
55139557500001, 96
55139557500002, 96
55139557500003, 17
55139557500004, 96
55139557500005, 96
55139557500006, 96
55139557500007, 96
55139557500008, 96
55139557500009, 96
55139557500010, 96
55139557500011, 96
55139557500012, 1
55139557500013, 96
55139557500014, 96
55139557500015, 2
55139557500016, 96
55139557500017, 1
55139557500018, 17
55139557500019, 96
55139557500020, 2
55139557500021, 6
55139557500022, 93
55139557500023, 0
55139557500024, 56
55139557750001, 81
55139557750002, 93
55139557750003, 44
55139557750004, 17
55139558500001, 22
55139558500002, 34
55139561000001, 25
55139598750001, 25
55139598750002, 25
55139598750003, 25
55139598750004, 25
55139598750005, 25
55139598750006, 25
55139598750007, 25
55139599000001, 25
55139599000002, 25
55139599000003, 25
55139605000001, 17
55139605000002, 17
55139605000003, 97
55139605000004, 97
55139605000005, 97
55139605000006, 97
55139605000007, 1
55139605000008, 97
55139605000009, 97
55139605000010, 97
55139605000011, 97
55139605000012, 97
55139605000013, 97
55139605000014, 70
55139605000015, 97
55139605000016, 97
55139605000017, 17
55139605000018, 97
55139605000019, 97
55139605000020, 97
55139605000021, 97
55139605000022A, 97
55139605000022B, 97
55139605000023A, 52
55139605000023B, 97
55139605000024, 60
55139605000025A, 97
55139605000025B, 97
55139605000026, 93
55139605000027, 17
55139605000028A, 17
55139605000028B, 79
55139605000029A, 87
55139605000029B, 49
55139605000030, 1
55139605000031, 0
55139605000032, 51
55139605000033, 34
55139605000034, 55
55139605250001, 17
55139605250001B, 17
55139605250002, 11
55139605250003, 0
55139605250004, 8
55139605250005, 51
55139648750001, 25
55139648750002, 25
55139701250001, 25
55139701250002, 25
55139821750001, 25
55139821750002, 25
55139828750001, 17
55139828750001B, 17
55139828750002, 54
55139876500001, 17
55139876500002, 90
55139879000001, 95
55139879000002, 25
55139879000003, 25
55139879000004, 25
55139879250001, 0
55139879250002, 25
55139879250003, 25
5513987925004A, 17
5513987925004B, 17
5513987925004C, 17
55139884750001, 90
55139884750002A, 1
55139884750002B, 90
55139884750002C, 90
55141030250001, 78
55141030500001, 78
55141030500002, 78
55141030500003, 78
55141037750001, 78
55141038000001, 78
55141076500001, 2
55141122750001, 1
55141127750001, 60
55141175250001, 78
55141200750001, 78
55141301250001, 78
55141301250002, 4
55141301250003, 13
55141301250004, 13
55141301250005, 13
55141301250006, 13
55141301250007, 13
55141301250008, 13
55141301250009, 13
55141301250010, 13
55141325750001, 78
55141342500001, 78
55141346750001, 71
55141445500001, 60
55141445500002, 60
55141496750001, 78
55141496750002, 78
55141496750003, 60
55141496750004, 60
55141496750005, 60
55141496750006, 50
55141496750007, 78
55141496750008, 78
55141496750009, 78
55141496750010, 78
55141496750011, 78
55141496750013, 60
55141496750014, 78
55141496750015, 78
55141496750016, 78
55141496750017, 78
55141496750018, 78
55141496750019, 78
55141496750022, 78
55141496750023, 78
55141497000001, 78
55141518750001, 78
55141519000001, 78
55141558750001, 78
55141558750002, 78
55141558750003, 78
55141558750004, 78
55141631000001, 78
55141641750001, 78
55141641750002, 78
55141641750003, 78
55141642000001, 78
55141642000002, 78
55141642000003, 78
55141642000004, 78
55141670000001, 71
55141675000001, 78
55141675000002, 78
55141675000003, 78
55141686250001, 60
55141700000001, 78
55141700250001, 78
55141700250002, 78
55141716000001, 78
55141716000002, 78
55141716000003, 78
55141716000004, 78
55141716000005, 78
55141716000006, 13
55141716000007, 13
55141716000008, 13
55141725750001, 78
55141725750002, 78
55141725750003, 78
55141734750001, 78
55141739000001, 78
55141739000002, 78
55141739000003, 78
55141826500001, 78
55141882000001, 78
55141882000002, 78
55141882000003, 13
55141882000004, 13
55141882000005, 13
55141882000006, 13
55141882000007, 13
55141882000008, 13
55141882000009, 78
55141882000010, 13
55141882000011, 13
55141882000012, 13
55141882000013, 13
55141882000014, 13
55141882000015, 13
55141882000016, 13
55141882000017, 13
55141882000018, 13
55141882000019, 13
55141882000020, 13
55141882000021, 13
55141882000022, 13
55141882000023, 78
55141885750001, 78
